6	0
8	1
14	2
17	3
20	4
21	5
22	6
23	7
24	8
25	9
26	10
27	11
28	12
30	13
31	14
32	15
33	16
34	17
35	18
60	19
61	20
62	21
63	22
64	23
66	24
67	25
68	26
69	27
71	28
75	29
76	30
77	31
78	32
80	33
86	34
90	35
91	36
94	37
96	38
99	39
100	40
101	41
102	42
103	43
104	44
106	45
112	46
113	47
117	48
118	49
120	50
121	51
122	52
123	53
125	54
126	55
129	56
10134	57
10136	58
10138	59
10139	60
10141	61
10143	62
10144	63
10146	64
10148	65
10150	66
10156	67
10157	68
10158	69
10160	70
10161	71
10163	72
10166	73
10167	74
10169	75
10170	76
10174	77
10178	78
10180	79
10181	80
10186	81
10192	82
10194	83
10197	84
10200	85
10207	86
10210	87
10211	88
10212	89
10214	90
10215	91
10216	92
10218	93
10219	94
10221	95
10222	96
10224	97
10225	98
10226	99
10227	100
10228	101
10231	102
10303	103
10413	104
10819	105
10825	106
10897	107
10904	108
10963	109
11038	110
11060	111
11080	112
11100	113
11113	114
11153	115
11243	116
11249	117
11309	118
11337	119
11445	120
11488	121
11500	122
11807	123
12161	124
12321	125
12340	126
12602	127
13006	128
13340	129
13360	130
13375	131
13385	132
13394	133
13401	134
13402	135
13403	136
13404	137
13406	138
13449	139
13460	140
13461	141
13462	142
13464	143
13467	144
13482	145
13561	146
13563	147
13570	148
13604	149
13670	150
13798	151
13799	152
13809	153
13918	154
13920	155
13927	156
13981	157
14003	158
14052	159
14150	160
14152	161
14153	162
14156	163
14157	164
14159	165
14160	166
14161	167
14163	168
14166	169
14185	170
14188	171
14282	172
14298	173
14305	174
14348	175
14407	176
14437	177
14445	178
14446	179
14479	180
14481	181
14488	182
14508	183
14514	184
14519	185
14522	186
14523	187
14525	188
14527	189
14529	190
14570	191
14576	192
14608	193
14639	194
14686	195
14687	196
14688	197
14695	198
14697	199
14699	200
14700	201
14795	202
14806	203
14975	204
14977	205
15001	206
15038	207
15078	208
15088	209
15103	210
15113	211
15157	212
15181	213
15187	214
15230	215
15275	216
15303	217
15309	218
15325	219
15344	220
15345	221
15346	222
15353	223
15406	224
15424	225
15434	226
15464	227
15481	228
15482	229
15487	230
15489	231
15492	232
15511	233
15531	234
15532	235
15549	236
15564	237
15587	238
15634	239
15670	240
15674	241
15885	242
15888	243
15896	244
15962	245
15986	246
16090	247
16166	248
16286	249
16318	250
16321	251
16475	252
16590	253
16639	254
16648	255
16695	256
16763	257
16781	258
16783	259
16785	260
16791	261
16867	262
16894	263
16986	264
16991	265
17015	266
17037	267
17039	268
17063	269
17101	270
17104	271
17150	272
17151	273
17177	274
17211	275
17276	276
17288	277
17351	278
17386	279
17393	280
17409	281
17475	282
17487	283
17582	284
17616	285
17624	286
17663	287
17678	288
17684	289
17691	290
17746	291
17747	292
17751	293
17760	294
17830	295
17835	296
18362	297
18855	298
18952	299
19147	300
19269	301
20152	302
21101	303
21559	304
21628	305
21650	306
21802	307
21900	308
21901	309
22385	310
22484	311
22627	312
22630	313
22632	314
22641	315
22642	316
22650	317
22651	318
22692	319
22706	320
23074	321
23252	322
23281	323
23573	324
23587	325
23989	326
24315	327
24338	328
24376	329
24379	330
24396	331
24397	332
24418	333
24424	334
24433	335
24440	336
24449	337
24452	338
24454	339
24479	340
24516	341
24518	342
24547	343
24565	344
24566	345
24576	346
24653	347
24673	348
24675	349
24726	350
24792	351
24802	352
24814	353
24894	354
24912	355
24937	356
24950	357
25022	358
25023	359
25046	360
25097	361
25116	362
25122	363
25128	364
25150	365
25169	366
25173	367
25203	368
25205	369
25215	370
25266	371
25276	372
25278	373
25299	374
25310	375
25327	376
25415	377
25420	378
25425	379
25429	380
25474	381
25476	382
25481	383
25510	384
25532	385
25587	386
25628	387
25681	388
25808	389
25820	390
25903	391
25957	392
26063	393
26095	394
26212	395
26230	396
26245	397
26246	398
26249	399
26268	400
26281	401
26291	402
26300	403
26359	404
26362	405
26384	406
26385	407
26407	408
26423	409
26489	410
26590	411
26639	412
26692	413
26722	414
26724	415
26833	416
26843	417
26959	418
26980	419
26981	420
27052	421
27063	422
27099	423
27100	424
27139	425
27140	426
27142	427
27146	428
27149	429
27224	430
27234	431
27267	432
27287	433
27292	434
27324	435
27435	436
27465	437
27486	438
27487	439
27743	440
28107	441
28108	442
28110	443
28116	444
28122	445
28126	446
28143	447
28146	448
28171	449
28174	450
28177	451
28181	452
28182	453
28184	454
28192	455
28195	456
28197	457
28198	458
28205	459
28215	460
28583	461
29085	462
29100	463
30502	464
30511	465
31163	466
31209	467
31233	468
31533	469
31975	470
31978	471
32106	472
32476	473
32650	474
32893	475
32894	476
33321	477
33473	478
33489	479
33490	480
33492	481
33494	482
33495	483
33496	484
33498	485
33499	486
33502	487
33505	488
33509	489
33510	490
33514	491
33515	492
33518	493
33519	494
33520	495
33521	496
33522	497
33708	498
34478	499
34479	500
34744	501
34770	502
34817	503
35086	504
35858	505
35863	506
36104	507
36152	508
36182	509
36241	510
36246	511
36479	512
36543	513
36762	514
36997	515
37937	516
37942	517
37944	518
37947	519
37949	520
37981	521
37982	522
37983	523
37985	524
38101	525
38626	526
38798	527
39101	528
39205	529
39976	530
40792	531
40853	532
41031	533
41083	534
41258	535
41753	536
42288	537
43340	538
43341	539
43345	540
43350	541
43357	542
43358	543
43359	544
43360	545
43405	546
43407	547
43416	548
43418	549
43519	550
43583	551
43627	552
43646	553
43757	554
43870	555
43975	556
44049	557
44111	558
44112	559
44115	560
44119	561
44120	562
44125	563
44144	564
44260	565
44306	566
44369	567
44394	568
44398	569
44402	570
44448	571
44455	572
44468	573
44474	574
44479	575
44482	576
44483	577
44486	578
44524	579
44529	580
44644	581
44645	582
44646	583
44738	584
44959	585
45003	586
45019	587
45032	588
45061	589
45073	590
45260	591
45266	592
45269	593
45282	594
45285	595
45302	596
45303	597
45392	598
45422	599
45440	600
45445	601
45447	602
45469	603
45490	604
45506	605
45513	606
45920	607
46048	608
46061	609
46246	610
46281	611
46598	612
46605	613
46607	614
46654	615
46747	616
46753	617
46829	618
46953	619
47000	620
47115	621
47240	622
47252	623
47547	624
47590	625
47644	626
47657	627
47712	628
47725	629
47802	630
48330	631
48333	632
50125	633
51438	634
51592	635
51877	636
51878	637
51880	638
52668	639
52673	640
53218	641
53657	642
53974	643
54300	644
54323	645
54361	646
54364	647
54381	648
54417	649
54433	650
54439	651
54463	652
54466	653
54502	654
54531	655
54556	656
54658	657
54752	658
54881	659
54957	660
55008	661
55083	662
55102	663
55156	664
55190	665
55192	666
55254	667
55266	668
55287	669
55298	670
55464	671
55538	672
55578	673
55619	674
55769	675
55882	676
55948	677
56182	678
56242	679
56265	680
56287	681
56342	682
56357	683
56381	684
56382	685
56402	686
56483	687
56635	688
56639	689
56839	690
56861	691
56978	692
57062	693
57097	694
57136	695
57138	696
57139	697
57146	698
57148	699
57269	700
57289	701
57429	702
57430	703
57459	704
57478	705
57479	706
57627	707
57989	708
58007	709
58034	710
58037	711
58041	712
58049	713
58050	714
58051	715
58064	716
58798	717
59948	718
60000	719
60315	720
61294	721
62459	722
62560	723
63253	724
63707	725
65159	726
65358	727
65985	728
66795	729
68082	730
68312	731
68670	732
68780	733
68918	734
68945	735
68985	736
69134	737
69224	738
69234	739
69491	740
69687	741
70041	742
70203	743
70942	744
71165	745
71192	746
71225	747
71229	748
71249	749
71251	750
71264	751
71274	752
71275	753
71284	754
71291	755
71292	756
71293	757
71294	758
71332	759
71341	760
71351	761
71354	762
71357	763
71359	764
71376	765
71451	766
71453	767
71561	768
71691	769
71692	770
71806	771
71817	772
71819	773
71896	774
71907	775
71908	776
71931	777
72043	778
72045	779
72046	780
72049	781
72050	782
72052	783
72053	784
72054	785
72059	786
72176	787
72191	788
72194	789
72209	790
72328	791
72332	792
72336	793
72382	794
72402	795
72408	796
72413	797
72416	798
72417	799
72418	800
72420	801
72422	802
72463	803
72531	804
72578	805
72579	806
72580	807
72587	808
72589	809
72592	810
72599	811
72869	812
72890	813
72893	814
72953	815
72995	816
73004	817
73057	818
73123	819
73134	820
73194	821
73203	822
73229	823
73235	824
73236	825
73237	826
73261	827
73297	828
73326	829
73374	830
73379	831
73381	832
73384	833
73423	834
73424	835
73440	836
73447	837
73457	838
73480	839
73563	840
73576	841
73775	842
73777	843
73780	844
73788	845
73854	846
73865	847
73869	848
73877	849
73982	850
74060	851
74215	852
74471	853
74532	854
74539	855
74562	856
74588	857
74650	858
74679	859
74687	860
74882	861
74887	862
74891	863
74911	864
74936	865
74970	866
75001	867
75075	868
75155	869
75174	870
75186	871
75201	872
75245	873
75292	874
75386	875
75460	876
75481	877
75482	878
75524	879
75573	880
75578	881
75591	882
75646	883
75715	884
75736	885
76264	886
76803	887
77041	888
77469	889
77860	890
78038	891
78304	892
79010	893
79030	894
79284	895
79562	896
79812	897
79813	898
79814	899
80533	900
80540	901
80543	902
80554	903
80563	904
80567	905
80572	906
80579	907
80607	908
80621	909
80627	910
81082	911
81170	912
81242	913
81837	914
82234	915
82257	916
82271	917
82298	918
82336	919
82342	920
82358	921
82367	922
82372	923
82373	924
82397	925
82436	926
82465	927
82484	928
82490	929
82529	930
82572	931
82579	932
82592	933
82645	934
82721	935
82781	936
82815	937
82830	938
82857	939
82870	940
82891	941
82903	942
82942	943
82966	944
83015	945
83017	946
83036	947
83057	948
83071	949
83075	950
83090	951
83110	952
83124	953
83188	954
83200	955
83210	956
83221	957
83336	958
83339	959
83398	960
83400	961
83405	962
83456	963
83472	964
83512	965
83553	966
83816	967
83882	968
84086	969
84116	970
84199	971
84221	972
84282	973
84291	974
84315	975
84316	976
84417	977
84460	978
84569	979
84623	980
84656	981
84773	982
84795	983
84891	984
84912	985
84914	986
84939	987
84996	988
85031	989
85072	990
85073	991
85080	992
85082	993
85084	994
85171	995
85189	996
85223	997
85228	998
85363	999
85364	1000
85393	1001
85912	1002
85922	1003
85923	1004
85928	1005
85941	1006
85968	1007
85971	1008
85974	1009
85975	1010
85977	1011
85983	1012
85984	1013
85985	1014
85998	1015
86732	1016
87882	1017
87934	1018
88220	1019
89228	1020
90393	1021
90400	1022
90404	1023
90405	1024
92306	1025
92880	1026
93292	1027
93570	1028
94132	1029
94729	1030
94886	1031
95629	1032
96049	1033
96050	1034
96052	1035
96054	1036
96056	1037
96057	1038
96058	1039
96059	1040
96060	1041
96061	1042
96062	1043
96064	1044
96065	1045
96066	1046
96068	1047
96069	1048
96070	1049
96071	1050
96072	1051
96073	1052
96074	1053
96075	1054
96076	1055
96078	1056
96080	1057
96081	1058
96082	1059
96083	1060
96084	1061
96085	1062
96086	1063
96087	1064
96088	1065
96089	1066
96090	1067
96091	1068
96092	1069
96093	1070
96094	1071
96095	1072
96096	1073
96097	1074
96098	1075
96099	1076
96100	1077
96101	1078
96102	1079
96103	1080
96104	1081
96105	1082
96106	1083
96107	1084
96108	1085
96109	1086
96110	1087
96111	1088
96112	1089
96114	1090
96115	1091
