2	0
5	1
6	2
8	3
9	4
12	5
14	6
15	7
17	8
19	9
20	10
21	11
22	12
23	13
24	14
25	15
26	16
27	17
28	18
29	19
30	20
31	21
32	22
33	23
34	24
35	25
36	26
37	27
38	28
39	29
45	30
46	31
47	32
53	33
56	34
58	35
59	36
60	37
61	38
62	39
63	40
64	41
65	42
66	43
67	44
68	45
70	46
71	47
73	48
75	49
76	50
77	51
78	52
79	53
80	54
83	55
85	56
86	57
88	58
90	59
91	60
94	61
96	62
99	63
100	64
101	65
102	66
103	67
104	68
113	69
114	70
117	71
118	72
120	73
121	74
122	75
123	76
125	77
126	78
129	79
130	80
190	81
281	82
286	83
309	84
350	85
644	86
673	87
677	88
678	89
691	90
692	91
836	92
966	93
1365	94
1430	95
1530	96
1547	97
1557	98
1631	99
2067	100
2121	101
2162	102
2305	103
2813	104
3176	105
3279	106
3283	107
3538	108
3556	109
3557	110
3558	111
4030	112
4063	113
4396	114
5567	115
5791	116
5847	117
5859	118
6110	119
6499	120
6507	121
6508	122
6592	123
6711	124
6815	125
6824	126
7351	127
7943	128
8329	129
8910	130
9214	131
9273	132
9349	133
9382	134
9503	135
10110	136
10131	137
10132	138
10134	139
10135	140
10136	141
10138	142
10139	143
10141	144
10143	145
10144	146
10146	147
10147	148
10149	149
10150	150
10151	151
10155	152
10156	153
10157	154
10158	155
10159	156
10160	157
10161	158
10162	159
10163	160
10164	161
10165	162
10166	163
10167	164
10168	165
10169	166
10170	167
10171	168
10172	169
10174	170
10177	171
10178	172
10180	173
10181	174
10182	175
10185	176
10186	177
10187	178
10188	179
10189	180
10190	181
10191	182
10192	183
10193	184
10194	185
10195	186
10197	187
10200	188
10203	189
10204	190
10205	191
10206	192
10207	193
10208	194
10209	195
10210	196
10211	197
10212	198
10213	199
10214	200
10215	201
10216	202
10217	203
10219	204
10221	205
10223	206
10224	207
10225	208
10226	209
10227	210
10229	211
10232	212
10233	213
10275	214
10431	215
10789	216
10825	217
10856	218
10897	219
10904	220
10963	221
10979	222
11038	223
11100	224
11131	225
11153	226
11169	227
11249	228
11445	229
11488	230
11496	231
11803	232
11807	233
12161	234
12321	235
12576	236
13336	237
13340	238
13360	239
13385	240
13394	241
13401	242
13402	243
13403	244
13404	245
13436	246
13437	247
13442	248
13449	249
13461	250
13462	251
13464	252
13467	253
13469	254
13482	255
13561	256
13570	257
13604	258
13670	259
13798	260
13799	261
13809	262
13913	263
13918	264
13927	265
13950	266
13995	267
13999	268
14014	269
14015	270
14016	271
14039	272
14150	273
14152	274
14153	275
14156	276
14157	277
14160	278
14161	279
14163	280
14166	281
14185	282
14273	283
14298	284
14301	285
14348	286
14355	287
14363	288
14402	289
14407	290
14412	291
14437	292
14441	293
14445	294
14488	295
14508	296
14514	297
14522	298
14523	299
14524	300
14525	301
14527	302
14529	303
14570	304
14686	305
14687	306
14688	307
14695	308
14697	309
14700	310
14761	311
14769	312
14780	313
14795	314
14939	315
14977	316
15001	317
15038	318
15061	319
15088	320
15113	321
15157	322
15169	323
15181	324
15230	325
15303	326
15312	327
15325	328
15344	329
15345	330
15346	331
15353	332
15370	333
15406	334
15424	335
15433	336
15434	337
15443	338
15464	339
15482	340
15487	341
15489	342
15492	343
15493	344
15511	345
15531	346
15532	347
15549	348
15564	349
15587	350
15653	351
15674	352
15883	353
15884	354
15885	355
15896	356
15962	357
15973	358
15977	359
15986	360
15993	361
16090	362
16150	363
16318	364
16321	365
16475	366
16514	367
16578	368
16590	369
16630	370
16639	371
16646	372
16648	373
16695	374
16783	375
16785	376
16791	377
16867	378
16894	379
16900	380
16986	381
16991	382
17015	383
17037	384
17039	385
17086	386
17101	387
17104	388
17138	389
17147	390
17150	391
17177	392
17276	393
17386	394
17475	395
17490	396
17506	397
17580	398
17582	399
17624	400
17663	401
17673	402
17678	403
17684	404
17686	405
17691	406
17747	407
17760	408
17771	409
17835	410
18362	411
18365	412
18855	413
19089	414
19101	415
19136	416
19147	417
19269	418
19601	419
19639	420
19684	421
19850	422
19953	423
20152	424
20161	425
21209	426
21304	427
21312	428
21559	429
21617	430
21802	431
21899	432
21900	433
21901	434
21902	435
22094	436
22488	437
22554	438
22630	439
22631	440
22632	441
22642	442
22651	443
22673	444
22692	445
23234	446
23252	447
23255	448
23281	449
23441	450
23587	451
23918	452
23989	453
24040	454
24054	455
24315	456
24338	457
24351	458
24376	459
24379	460
24418	461
24424	462
24433	463
24440	464
24449	465
24454	466
24479	467
24480	468
24481	469
24488	470
24518	471
24519	472
24547	473
24565	474
24566	475
24572	476
24576	477
24610	478
24646	479
24653	480
24670	481
24673	482
24678	483
24686	484
24726	485
24767	486
24802	487
24814	488
24863	489
24894	490
24909	491
24915	492
24937	493
24987	494
25020	495
25022	496
25046	497
25070	498
25095	499
25097	500
25114	501
25116	502
25122	503
25128	504
25136	505
25150	506
25161	507
25169	508
25189	509
25202	510
25203	511
25207	512
25208	513
25266	514
25278	515
25288	516
25299	517
25308	518
25310	519
25325	520
25333	521
25391	522
25412	523
25415	524
25417	525
25425	526
25429	527
25434	528
25469	529
25474	530
25476	531
25481	532
25483	533
25510	534
25532	535
25587	536
25628	537
25674	538
25780	539
25808	540
25834	541
25904	542
25957	543
25997	544
26021	545
26095	546
26155	547
26245	548
26246	549
26249	550
26268	551
26281	552
26299	553
26351	554
26359	555
26362	556
26384	557
26385	558
26401	559
26423	560
26489	561
26554	562
26599	563
26639	564
26667	565
26692	566
26724	567
26754	568
26815	569
26823	570
26843	571
26959	572
26980	573
26981	574
27006	575
27015	576
27027	577
27063	578
27099	579
27115	580
27138	581
27139	582
27140	583
27145	584
27146	585
27147	586
27149	587
27232	588
27234	589
27262	590
27267	591
27276	592
27280	593
27287	594
27292	595
27324	596
27434	597
27435	598
27465	599
27486	600
27487	601
27743	602
28039	603
28100	604
28107	605
28108	606
28110	607
28116	608
28122	609
28123	610
28126	611
28143	612
28146	613
28174	614
28177	615
28182	616
28184	617
28192	618
28195	619
28197	620
28198	621
28205	622
28215	623
28219	624
28221	625
28585	626
29067	627
29099	628
29100	629
29118	630
29363	631
29648	632
29814	633
29849	634
30120	635
30195	636
30502	637
30558	638
30938	639
31163	640
31180	641
31209	642
31233	643
31975	644
32106	645
32476	646
32650	647
32678	648
32893	649
32894	650
33261	651
33321	652
33473	653
33489	654
33490	655
33492	656
33494	657
33495	658
33496	659
33499	660
33502	661
33505	662
33509	663
33510	664
33514	665
33518	666
33519	667
33520	668
33521	669
33630	670
33635	671
33708	672
33842	673
34475	674
34478	675
34479	676
34480	677
34507	678
34744	679
34770	680
35858	681
35863	682
36135	683
36152	684
36246	685
36543	686
36721	687
36762	688
36764	689
36997	690
37334	691
37369	692
37930	693
37937	694
37942	695
37944	696
37945	697
37947	698
37949	699
37982	700
37985	701
38101	702
38626	703
38771	704
39157	705
39813	706
40029	707
40147	708
40222	709
40227	710
40766	711
40804	712
40846	713
40984	714
40988	715
41024	716
41200	717
41258	718
41323	719
41436	720
41753	721
42107	722
42148	723
42554	724
43265	725
43315	726
43330	727
43340	728
43341	729
43350	730
43357	731
43358	732
43359	733
43360	734
43397	735
43416	736
43417	737
43418	738
43420	739
43423	740
43477	741
43517	742
43519	743
43627	744
43695	745
43757	746
43758	747
43871	748
43962	749
43973	750
43974	751
43975	752
43997	753
44109	754
44111	755
44112	756
44115	757
44116	758
44118	759
44119	760
44120	761
44125	762
44242	763
44257	764
44260	765
44261	766
44275	767
44276	768
44369	769
44394	770
44398	771
44402	772
44403	773
44441	774
44448	775
44468	776
44471	777
44474	778
44479	779
44482	780
44483	781
44486	782
44488	783
44502	784
44524	785
44529	786
44644	787
44645	788
44646	789
44653	790
44654	791
44655	792
44658	793
44996	794
45003	795
45019	796
45032	797
45061	798
45115	799
45189	800
45260	801
45269	802
45282	803
45302	804
45303	805
45363	806
45401	807
45422	808
45440	809
45445	810
45490	811
45493	812
45506	813
45513	814
45546	815
45633	816
45846	817
45854	818
45920	819
45935	820
46048	821
46278	822
46281	823
46434	824
46537	825
46595	826
46598	827
46605	828
46607	829
46654	830
46700	831
46716	832
46722	833
46745	834
46747	835
46753	836
46844	837
46948	838
46953	839
47002	840
47026	841
47064	842
47102	843
47141	844
47252	845
47300	846
47325	847
47358	848
47440	849
47544	850
47590	851
47644	852
47652	853
47712	854
47802	855
48330	856
48826	857
48923	858
49926	859
50127	860
51279	861
51287	862
51301	863
51592	864
51779	865
51878	866
51879	867
51880	868
52356	869
52606	870
52622	871
52638	872
52673	873
52694	874
52695	875
53136	876
53236	877
53572	878
54025	879
54301	880
54323	881
54364	882
54380	883
54417	884
54424	885
54439	886
54463	887
54502	888
54531	889
54550	890
54556	891
54561	892
54631	893
54645	894
54658	895
54671	896
54711	897
54787	898
54800	899
54840	900
54881	901
54896	902
54899	903
54901	904
54923	905
54936	906
55008	907
55032	908
55102	909
55108	910
55114	911
55129	912
55137	913
55140	914
55156	915
55176	916
55190	917
55236	918
55254	919
55264	920
55266	921
55276	922
55287	923
55405	924
55410	925
55420	926
55464	927
55466	928
55471	929
55500	930
55522	931
55538	932
55619	933
55748	934
55835	935
55882	936
55948	937
56243	938
56265	939
56287	940
56348	941
56357	942
56381	943
56382	944
56639	945
56689	946
56722	947
56829	948
56838	949
56839	950
56957	951
56959	952
56978	953
56979	954
57005	955
57062	956
57097	957
57138	958
57139	959
57140	960
57141	961
57146	962
57150	963
57228	964
57236	965
57237	966
57282	967
57289	968
57294	969
57326	970
57429	971
57430	972
57431	973
57459	974
57478	975
57479	976
57988	977
57989	978
58007	979
58034	980
58037	981
58041	982
58043	983
58049	984
58050	985
58051	986
58064	987
58069	988
58798	989
59948	990
60315	991
61294	992
61738	993
62458	994
62459	995
62466	996
62471	997
62560	998
63253	999
64372	1000
64636	1001
65358	1002
66795	1003
66952	1004
67767	1005
67879	1006
68082	1007
68086	1008
68175	1009
68619	1010
68670	1011
68686	1012
68706	1013
68780	1014
68822	1015
68918	1016
68922	1017
68964	1018
68965	1019
68985	1020
68993	1021
69134	1022
69160	1023
69355	1024
69370	1025
69491	1026
69683	1027
70041	1028
70203	1029
70461	1030
70796	1031
70942	1032
71192	1033
71225	1034
71249	1035
71251	1036
71264	1037
71274	1038
71275	1039
71284	1040
71291	1041
71292	1042
71293	1043
71294	1044
71332	1045
71339	1046
71341	1047
71350	1048
71351	1049
71354	1050
71357	1051
71451	1052
71453	1053
71480	1054
71561	1055
71629	1056
71691	1057
71805	1058
71806	1059
71908	1060
71931	1061
71989	1062
72043	1063
72045	1064
72046	1065
72049	1066
72050	1067
72052	1068
72053	1069
72054	1070
72059	1071
72116	1072
72176	1073
72191	1074
72194	1075
72195	1076
72209	1077
72240	1078
72303	1079
72328	1080
72332	1081
72333	1082
72336	1083
72337	1084
72342	1085
72382	1086
72402	1087
72404	1088
72408	1089
72413	1090
72417	1091
72418	1092
72420	1093
72422	1094
72463	1095
72467	1096
72500	1097
72578	1098
72579	1099
72580	1100
72587	1101
72588	1102
72589	1103
72592	1104
72659	1105
72672	1106
72675	1107
72687	1108
72869	1109
72889	1110
72893	1111
72907	1112
72937	1113
72953	1114
72995	1115
73123	1116
73175	1117
73194	1118
73203	1119
73235	1120
73236	1121
73237	1122
73283	1123
73297	1124
73316	1125
73326	1126
73356	1127
73374	1128
73379	1129
73381	1130
73403	1131
73423	1132
73424	1133
73447	1134
73457	1135
73480	1136
73496	1137
73563	1138
73777	1139
73780	1140
73788	1141
73854	1142
73865	1143
73869	1144
73885	1145
73910	1146
73911	1147
73950	1148
73973	1149
73982	1150
74060	1151
74165	1152
74215	1153
74529	1154
74532	1155
74539	1156
74541	1157
74548	1158
74588	1159
74656	1160
74679	1161
74687	1162
74796	1163
74882	1164
74887	1165
74891	1166
74907	1167
74936	1168
74970	1169
74998	1170
75001	1171
75075	1172
75152	1173
75292	1174
75374	1175
75386	1176
75481	1177
75482	1178
75524	1179
75573	1180
75578	1181
75591	1182
75646	1183
75731	1184
76264	1185
76861	1186
77052	1187
77174	1188
77826	1189
77860	1190
78059	1191
79532	1192
79713	1193
79787	1194
79811	1195
79812	1196
79813	1197
79814	1198
79941	1199
80401	1200
80539	1201
80540	1202
80543	1203
80554	1204
80556	1205
80563	1206
80572	1207
80579	1208
80587	1209
80595	1210
80604	1211
80607	1212
80621	1213
81070	1214
81359	1215
81492	1216
82234	1217
82252	1218
82257	1219
82271	1220
82298	1221
82308	1222
82336	1223
82351	1224
82358	1225
82367	1226
82372	1227
82373	1228
82397	1229
82436	1230
82437	1231
82465	1232
82469	1233
82483	1234
82484	1235
82493	1236
82495	1237
82529	1238
82549	1239
82572	1240
82592	1241
82602	1242
82645	1243
82667	1244
82734	1245
82815	1246
82830	1247
82835	1248
82857	1249
82858	1250
82898	1251
82907	1252
82942	1253
82966	1254
83015	1255
83017	1256
83048	1257
83071	1258
83090	1259
83123	1260
83124	1261
83147	1262
83188	1263
83200	1264
83210	1265
83221	1266
83230	1267
83250	1268
83325	1269
83334	1270
83339	1271
83341	1272
83349	1273
83385	1274
83398	1275
83400	1276
83405	1277
83456	1278
83472	1279
83505	1280
83512	1281
83553	1282
83559	1283
83731	1284
83816	1285
83882	1286
84151	1287
84176	1288
84177	1289
84180	1290
84199	1291
84221	1292
84230	1293
84291	1294
84315	1295
84316	1296
84336	1297
84417	1298
84460	1299
84518	1300
84519	1301
84569	1302
84573	1303
84623	1304
84656	1305
84753	1306
84763	1307
84773	1308
84795	1309
84891	1310
84912	1311
84914	1312
84939	1313
84985	1314
84996	1315
85031	1316
85032	1317
85067	1318
85069	1319
85071	1320
85072	1321
85073	1322
85079	1323
85080	1324
85082	1325
85084	1326
85171	1327
85203	1328
85223	1329
85260	1330
85364	1331
85393	1332
85412	1333
85413	1334
85912	1335
85922	1336
85923	1337
85941	1338
85968	1339
85971	1340
85975	1341
85977	1342
85983	1343
85984	1344
85985	1345
85998	1346
86003	1347
87882	1348
87934	1349
89228	1350
90393	1351
90400	1352
90405	1353
90494	1354
91185	1355
91186	1356
91187	1357
91433	1358
92306	1359
92880	1360
93034	1361
93292	1362
93964	1363
94132	1364
95701	1365
96016	1366
96049	1367
96050	1368
96051	1369
96052	1370
96053	1371
96054	1372
96056	1373
96057	1374
96058	1375
96059	1376
96060	1377
96062	1378
96064	1379
96065	1380
96066	1381
96067	1382
96068	1383
96069	1384
96070	1385
96071	1386
96072	1387
96073	1388
96074	1389
96075	1390
96076	1391
96077	1392
96078	1393
96079	1394
96080	1395
96081	1396
96082	1397
96083	1398
96084	1399
96085	1400
96086	1401
96087	1402
96088	1403
96089	1404
96090	1405
96091	1406
96092	1407
96093	1408
96094	1409
96095	1410
96096	1411
96097	1412
96098	1413
96099	1414
96100	1415
96101	1416
96102	1417
96103	1418
96104	1419
96105	1420
96106	1421
96107	1422
96108	1423
96109	1424
96110	1425
96111	1426
96112	1427
96114	1428
96115	1429
96116	1430
