6	0
8	1
9	2
17	3
20	4
21	5
22	6
23	7
24	8
25	9
26	10
27	11
28	12
29	13
30	14
31	15
32	16
33	17
34	18
35	19
60	20
61	21
62	22
63	23
64	24
65	25
67	26
68	27
69	28
70	29
71	30
75	31
76	32
77	33
78	34
84	35
86	36
87	37
88	38
90	39
91	40
92	41
94	42
96	43
97	44
98	45
99	46
100	47
101	48
102	49
103	50
113	51
117	52
118	53
120	54
122	55
123	56
130	57
10131	58
10132	59
10133	60
10134	61
10135	62
10136	63
10137	64
10139	65
10141	66
10143	67
10146	68
10147	69
10148	70
10149	71
10150	72
10156	73
10157	74
10158	75
10159	76
10160	77
10162	78
10163	79
10164	80
10166	81
10168	82
10169	83
10171	84
10172	85
10174	86
10180	87
10181	88
10182	89
10185	90
10186	91
10188	92
10190	93
10191	94
10192	95
10194	96
10195	97
10196	98
10197	99
10198	100
10200	101
10205	102
10207	103
10208	104
10210	105
10211	106
10212	107
10213	108
10214	109
10215	110
10216	111
10217	112
10219	113
10225	114
10226	115
10227	116
10228	117
10231	118
10232	119
10233	120
10234	121
10789	122
10856	123
10897	124
10904	125
11080	126
11100	127
11131	128
11153	129
11180	130
11374	131
11488	132
11806	133
11807	134
12086	135
12161	136
12321	137
13303	138
13375	139
13385	140
13394	141
13401	142
13402	143
13403	144
13404	145
13449	146
13460	147
13461	148
13462	149
13464	150
13467	151
13561	152
13563	153
13670	154
13798	155
13809	156
13913	157
13988	158
14003	159
14015	160
14016	161
14097	162
14150	163
14152	164
14153	165
14156	166
14157	167
14159	168
14160	169
14161	170
14166	171
14185	172
14223	173
14282	174
14298	175
14301	176
14316	177
14412	178
14437	179
14441	180
14445	181
14446	182
14488	183
14508	184
14514	185
14522	186
14523	187
14527	188
14529	189
14570	190
14686	191
14687	192
14688	193
14695	194
14696	195
14761	196
14977	197
15001	198
15038	199
15103	200
15157	201
15181	202
15230	203
15303	204
15309	205
15312	206
15325	207
15345	208
15346	209
15370	210
15392	211
15406	212
15424	213
15434	214
15464	215
15482	216
15487	217
15489	218
15511	219
15532	220
15549	221
15564	222
15587	223
15653	224
15670	225
15674	226
15885	227
15888	228
15896	229
15962	230
16090	231
16286	232
16318	233
16321	234
16475	235
16590	236
16630	237
16639	238
16646	239
16648	240
16695	241
16783	242
16791	243
16986	244
16991	245
17015	246
17037	247
17039	248
17101	249
17104	250
17177	251
17257	252
17351	253
17386	254
17475	255
17506	256
17582	257
17624	258
17678	259
17684	260
17691	261
17747	262
18362	263
19089	264
20152	265
21304	266
21802	267
21899	268
21900	269
21901	270
22554	271
22627	272
22630	273
22641	274
22642	275
22650	276
22692	277
22713	278
23252	279
23587	280
24333	281
24338	282
24376	283
24379	284
24396	285
24418	286
24433	287
24440	288
24449	289
24454	290
24455	291
24480	292
24481	293
24482	294
24518	295
24519	296
24547	297
24551	298
24555	299
24565	300
24566	301
24646	302
24660	303
24673	304
24721	305
24726	306
24767	307
24814	308
24894	309
24909	310
24915	311
24937	312
24987	313
25022	314
25046	315
25116	316
25128	317
25169	318
25188	319
25189	320
25203	321
25205	322
25266	323
25278	324
25299	325
25415	326
25425	327
25474	328
25481	329
25510	330
25532	331
25587	332
25628	333
25780	334
25846	335
25957	336
26212	337
26249	338
26268	339
26359	340
26362	341
26384	342
26385	343
26423	344
26489	345
26639	346
26722	347
26724	348
26833	349
26843	350
26980	351
26981	352
27063	353
27099	354
27139	355
27140	356
27146	357
27234	358
27287	359
27434	360
27435	361
27465	362
27486	363
27487	364
27743	365
28100	366
28107	367
28108	368
28110	369
28116	370
28122	371
28123	372
28126	373
28143	374
28146	375
28171	376
28174	377
28177	378
28182	379
28184	380
28192	381
28195	382
28197	383
28198	384
28205	385
28215	386
28219	387
29100	388
29628	389
29630	390
30502	391
30511	392
30558	393
30938	394
31163	395
31209	396
31495	397
32106	398
32476	399
32650	400
32893	401
32894	402
33321	403
33473	404
33489	405
33490	406
33492	407
33495	408
33496	409
33498	410
33499	411
33502	412
33505	413
33509	414
33510	415
33514	416
33518	417
33519	418
33520	419
33521	420
33522	421
33630	422
33708	423
34478	424
34479	425
34480	426
34507	427
34715	428
34744	429
34770	430
34817	431
35738	432
35858	433
36182	434
36241	435
36246	436
36366	437
36997	438
37937	439
37942	440
37944	441
37945	442
37947	443
37949	444
40736	445
40846	446
41132	447
41436	448
41753	449
42107	450
42269	451
43258	452
43295	453
43315	454
43340	455
43341	456
43350	457
43357	458
43358	459
43359	460
43360	461
43405	462
43407	463
43416	464
43417	465
43418	466
43420	467
43423	468
43517	469
43519	470
43561	471
43627	472
43871	473
44109	474
44111	475
44112	476
44115	477
44116	478
44118	479
44119	480
44120	481
44125	482
44144	483
44242	484
44257	485
44260	486
44306	487
44369	488
44394	489
44398	490
44402	491
44403	492
44448	493
44468	494
44474	495
44482	496
44483	497
44486	498
44488	499
44529	500
44644	501
44645	502
44646	503
44653	504
44654	505
44658	506
44935	507
44959	508
44996	509
45032	510
45061	511
45070	512
45115	513
45189	514
45260	515
45266	516
45269	517
45282	518
45302	519
45303	520
45363	521
45382	522
45392	523
45422	524
45440	525
45445	526
45447	527
45489	528
45490	529
45506	530
45513	531
45522	532
45546	533
45629	534
45633	535
45843	536
45854	537
45920	538
46048	539
46246	540
46278	541
46281	542
46434	543
46598	544
46605	545
46607	546
46654	547
46716	548
46745	549
46753	550
46948	551
46953	552
47002	553
47026	554
47036	555
47141	556
47213	557
47351	558
47358	559
47440	560
47470	561
47547	562
47590	563
47644	564
47650	565
47657	566
47712	567
48330	568
49060	569
50125	570
50126	571
51594	572
51779	573
51877	574
51878	575
51880	576
52608	577
52609	578
52620	579
52621	580
52629	581
52638	582
52673	583
54380	584
54402	585
54417	586
54433	587
54438	588
54439	589
54464	590
54466	591
54502	592
54549	593
54550	594
54645	595
54655	596
54658	597
54711	598
54800	599
54881	600
54896	601
54901	602
54936	603
55008	604
55009	605
55032	606
55081	607
55102	608
55114	609
55156	610
55176	611
55190	612
55254	613
55266	614
55287	615
55316	616
55405	617
55471	618
55500	619
55538	620
55578	621
55835	622
55882	623
55948	624
56242	625
56265	626
56296	627
56357	628
56360	629
56381	630
56382	631
56402	632
56483	633
56635	634
56720	635
56722	636
56829	637
56839	638
56978	639
57062	640
57097	641
57138	642
57139	643
57146	644
57148	645
57236	646
57237	647
57289	648
57430	649
57459	650
57478	651
57479	652
57988	653
57989	654
58007	655
58034	656
58037	657
58041	658
58043	659
58049	660
58050	661
58051	662
58064	663
58798	664
59948	665
59957	666
60000	667
60315	668
61294	669
62459	670
62466	671
62560	672
63252	673
63253	674
64372	675
65358	676
68161	677
68564	678
68670	679
68780	680
68787	681
69128	682
69683	683
69686	684
69687	685
70041	686
71225	687
71229	688
71249	689
71264	690
71274	691
71275	692
71284	693
71291	694
71292	695
71293	696
71294	697
71339	698
71350	699
71351	700
71352	701
71354	702
71357	703
71451	704
71453	705
71561	706
71702	707
71805	708
72043	709
72045	710
72046	711
72049	712
72050	713
72053	714
72054	715
72059	716
72078	717
72116	718
72176	719
72191	720
72194	721
72303	722
72328	723
72332	724
72336	725
72337	726
72402	727
72404	728
72408	729
72416	730
72417	731
72420	732
72422	733
72463	734
72578	735
72579	736
72580	737
72587	738
72588	739
72893	740
72930	741
72995	742
73049	743
73123	744
73194	745
73200	746
73203	747
73216	748
73236	749
73237	750
73283	751
73297	752
73335	753
73356	754
73374	755
73379	756
73381	757
73403	758
73440	759
73447	760
73456	761
73480	762
73567	763
73777	764
73780	765
73788	766
73854	767
73982	768
74212	769
74215	770
74368	771
74532	772
74539	773
74541	774
74588	775
74650	776
74679	777
74687	778
74882	779
74887	780
74911	781
74936	782
74960	783
75001	784
75285	785
75374	786
75481	787
75524	788
75578	789
75591	790
75646	791
76264	792
76994	793
77007	794
78059	795
78630	796
79213	797
79811	798
79812	799
79814	800
80554	801
80555	802
80560	803
80607	804
81170	805
82295	806
82298	807
82336	808
82358	809
82373	810
82400	811
82436	812
82484	813
82579	814
82592	815
82640	816
82734	817
82815	818
82830	819
82857	820
82870	821
82942	822
83048	823
83090	824
83124	825
83188	826
83200	827
83210	828
83221	829
83339	830
83398	831
83405	832
83456	833
83472	834
83512	835
83553	836
83703	837
83816	838
83882	839
84199	840
84230	841
84291	842
84315	843
84316	844
84417	845
84569	846
84583	847
84656	848
84763	849
84773	850
84795	851
84891	852
84912	853
84913	854
84914	855
84996	856
85031	857
85072	858
85073	859
85080	860
85082	861
85171	862
85223	863
85363	864
85364	865
85393	866
85413	867
85912	868
85922	869
85923	870
85941	871
85968	872
85971	873
85975	874
85980	875
85983	876
85984	877
85985	878
85998	879
86003	880
86732	881
87882	882
87891	883
87934	884
88249	885
89228	886
90392	887
90393	888
90400	889
91187	890
91433	891
92306	892
93292	893
95813	894
96049	895
96050	896
96051	897
96052	898
96053	899
96054	900
96056	901
96057	902
96058	903
96059	904
96060	905
96061	906
96062	907
96064	908
96065	909
96066	910
96067	911
96068	912
96069	913
96070	914
96071	915
96072	916
96073	917
96074	918
96075	919
96076	920
96077	921
96078	922
96079	923
96080	924
96081	925
96082	926
96083	927
96084	928
96085	929
96086	930
96087	931
96088	932
96089	933
96090	934
96091	935
96092	936
96093	937
96094	938
96095	939
96096	940
96097	941
96098	942
96099	943
96100	944
96101	945
96102	946
96103	947
96104	948
96105	949
96106	950
96107	951
96108	952
96109	953
96110	954
96111	955
96112	956
96114	957
96115	958
