25,333
26058,323
2,268
63591,247
23493,246
63562,242
63578,214
63584,199
15742,189
12134,184
23494,181
63582,181
24,179
13034,178
22959,174
23504,167
59955,162
49,156
49315,154
12135,147
50189,145
12810,144
26066,140
20895,139
63574,138
23565,137
49316,134
23537,131
59761,126
12120,125
63576,124
63586,124
57541,123
63590,121
26,117
59954,117
23536,114
63580,114
13862,113
23495,113
12805,112
23,112
101,111
59935,111
26068,109
13816,108
13817,108
49301,108
12137,107
13260,107
63594,107
23518,106
23521,106
63596,106
4,104
63592,104
63598,104
22718,102
23553,102
15689,100
22831,100
59966,100
49972,99
63588,99
12129,98
12806,98
28361,97
63602,97
22375,96
12798,95
49960,95
50940,94
13258,93
22958,91
26086,91
59538,90
13924,89
23197,89
49963,89
63581,89
79,88
26064,87
50405,87
63558,87
13781,85
13098,84
63560,84
49317,83
105,82
12801,82
23327,82
50939,82
49300,80
50254,80
23556,78
43047,78
63546,78
63564,78
63585,78
23501,77
12136,76
13104,76
49318,76
52735,76
90,76
21,74
49968,74
23542,73
26085,72
52,72
49310,71
59965,71
63570,71
21411,69
43031,69
59537,68
9681,68
74,67
87,67
28370,66
63600,66
88,66
50982,64
108,63
15651,63
32617,63
50260,62
22344,61
50,61
63589,61
9757,61
21575,60
35283,60
63577,60
14431,59
25779,59
31711,59
42824,59
21353,58
26049,58
35335,58
14331,57
61466,57
12178,56
23551,56
59306,56
63593,56
10,55
28368,55
31702,55
31716,55
52784,55
63573,55
63554,54
15003,53
22345,53
63,53
42590,52
21087,51
41951,51
22321,50
31701,50
31719,49
50269,49
50906,49
59414,49
59973,49
13153,48
32386,48
43046,48
58247,48
33400,47
59941,47
13259,46
59967,46
63556,46
13113,45
50307,45
13042,44
26074,44
40512,44
59959,44
63568,44
63579,44
66,44
51431,43
63569,43
20804,41
32391,41
49967,41
50404,41
63566,41
9741,41
32383,40
43058,40
50197,40
14996,39
22619,39
26059,39
63559,39
63599,39
12797,38
23555,38
42346,38
32395,37
51043,37
53,37
63583,37
21325,36
25971,36
43060,36
50403,36
25780,35
63548,35
63572,35
22,34
22924,34
31717,34
32690,34
44744,34
58198,34
63561,34
13926,33
21429,33
31679,33
40972,33
42461,33
42589,33
61090,33
14625,32
41973,32
63545,32
14006,31
21017,31
26063,31
26173,31
33364,31
50272,31
14883,30
52080,30
58945,30
12195,29
23209,29
32390,29
32844,29
33399,29
14264,28
19392,28
56,28
59621,28
63557,28
63563,28
82,28
14923,27
25425,27
26060,27
51045,27
51121,27
63550,27
9758,27
15149,26
15,26
20,26
32843,26
33915,26
41031,26
49374,26
63587,26
64,26
11019,25
31718,25
32684,25
32738,25
33508,25
43066,25
63538,25
63597,25
12192,24
13117,24
26083,24
40706,24
54428,24
58922,24
11,23
12281,23
23507,23
32842,23
57362,23
9739,23
18,22
18788,22
33445,22
33510,22
40944,22
43051,22
43059,22
52000,22
52587,22
63542,22
9759,22
22549,21
32699,21
43020,21
53238,21
56153,21
57981,21
58039,21
63565,21
9744,21
12919,20
15146,20
15187,20
16239,20
38395,20
42834,20
43021,20
52073,20
63553,20
63603,20
15533,19
33370,19
49278,19
49455,19
78,19
9703,19
9727,19
9733,19
12,18
15243,18
16,18
23040,18
23081,18
33591,18
34592,18
41197,18
41974,18
43793,18
52699,18
63595,18
9713,18
12378,17
13038,17
31777,17
40718,17
49357,17
51956,17
58944,17
59213,17
63537,17
13267,16
19351,16
26541,16
42554,16
46007,16
52233,16
55585,16
58,16
59143,16
59476,16
65,16
9683,16
12795,15
17538,15
20708,15
27281,15
28366,15
31863,15
32625,15
33201,15
5,15
57738,15
60225,15
9694,15
10328,14
12189,14
15560,14
21099,14
21974,14
32507,14
33848,14
41049,14
42807,14
49371,14
54,14
56102,14
57452,14
63571,14
9696,14
12922,13
13081,13
15436,13
21341,13
23208,13
33564,13
34468,13
34585,13
42249,13
51712,13
52253,13
76,13
84,13
13787,12
13798,12
17,12
20607,12
22965,12
31774,12
34015,12
41247,12
44320,12
51366,12
56101,12
59503,12
9754,12
9772,12
10533,11
12283,11
14877,11
23967,11
26084,11
35126,11
49368,11
50198,11
51962,11
63540,11
63552,11
110,10
118,10
13920,10
15463,10
15697,10
19342,10
21195,10
21692,10
22895,10
26680,10
32412,10
34508,10
40420,10
42675,10
49959,10
50081,10
50975,10
51039,10
58844,10
63547,10
9721,10
13119,9
13884,9
13,9
13986,9
14,9
26071,9
26702,9
43969,9
50912,9
63575,9
9728,9
9729,9
12188,8
12804,8
13975,8
22243,8
24241,8
24896,8
25022,8
25677,8
31760,8
32702,8
38950,8
41597,8
50078,8
50167,8
50911,8
57957,8
58056,8
59745,8
72,8
9690,8
9697,8
9732,8
9742,8
9778,8
12905,7
14597,7
18789,7
20762,7
20790,7
21400,7
21659,7
25602,7
26716,7
32504,7
33558,7
37140,7
42526,7
50413,7
51102,7
58581,7
9710,7
9745,7
9755,7
13511,6
14083,6
15360,6
15622,6
18361,6
20644,6
20870,6
21277,6
26065,6
27565,6
28367,6
31961,6
34462,6
34470,6
41852,6
43342,6
45532,6
49457,6
49549,6
50849,6
50923,6
51376,6
56531,6
60781,6
62605,6
63541,6
9679,6
9706,6
9707,6
9747,6
12583,5
13268,5
13907,5
14274,5
20688,5
21287,5
21523,5
23179,5
23492,5
24663,5
26559,5
27200,5
28364,5
31865,5
32704,5
32851,5
33459,5
33468,5
33504,5
33570,5
35245,5
40960,5
47603,5
48253,5
50412,5
51026,5
51096,5
58047,5
59545,5
61733,5
62166,5
9695,5
9716,5
9738,5
111,4
12652,4
12935,4
13835,4
14754,4
18787,4
20703,4
20707,4
20941,4
21122,4
21881,4
22617,4
23178,4
23544,4
33210,4
33381,4
33858,4
34211,4
34778,4
35835,4
38327,4
47608,4
49660,4
49750,4
49957,4
50268,4
50696,4
50747,4
50791,4
51369,4
51964,4
57300,4
57349,4
58528,4
59934,4
61830,4
63549,4
63567,4
106,3
10699,3
12482,3
12802,3
12827,3
13112,3
13617,3
13721,3
13875,3
13960,3
14080,3
14885,3
15167,3
16761,3
19343,3
20694,3
20795,3
21612,3
23559,3
24687,3
26543,3
29901,3
30826,3
31771,3
32544,3
32595,3
32698,3
33369,3
33668,3
34559,3
34739,3
34946,3
35056,3
35291,3
37141,3
39002,3
41282,3
42053,3
42597,3
43819,3
47509,3
47866,3
49367,3
49964,3
50065,3
51011,3
51061,3
51090,3
51523,3
52213,3
52742,3
55587,3
57758,3
59398,3
60,3
60624,3
61470,3
63555,3
75,3
9693,3
9762,3
9766,3
10291,2
10472,2
10782,2
12046,2
12190,2
12492,2
12677,2
12678,2
14839,2
15185,2
15692,2
18721,2
19331,2
19411,2
19801,2
20642,2
20659,2
20731,2
20803,2
20882,2
20936,2
21570,2
22427,2
22832,2
25160,2
26075,2
26079,2
26087,2
27487,2
29802,2
30355,2
30590,2
30943,2
31627,2
32167,2
32382,2
32387,2
32626,2
32852,2
33149,2
34183,2
34208,2
34736,2
34802,2
34895,2
35215,2
38951,2
40275,2
40291,2
40324,2
40635,2
40752,2
40813,2
41020,2
41145,2
42177,2
42247,2
42599,2
42715,2
42833,2
43799,2
45043,2
48470,2
49369,2
49989,2
50193,2
51196,2
51837,2
55186,2
55584,2
57386,2
57658,2
57726,2
57770,2
57831,2
58193,2
58282,2
58313,2
59416,2
59769,2
59929,2
60647,2
63544,2
80,2
85,2
91,2
9680,2
9686,2
9705,2
9709,2
9719,2
9743,2
9752,2
9761,2
9763,2
9764,2
10231,1
10333,1
10487,1
10514,1
10551,1
11018,1
11197,1
11254,1
11369,1
12113,1
12667,1
12751,1
12859,1
13012,1
13043,1
13325,1
13534,1
13565,1
13662,1
13682,1
13786,1
13853,1
13943,1
14063,1
14267,1
14622,1
14869,1
15240,1
15303,1
19,1
19279,1
19328,1
20048,1
20602,1
20675,1
20732,1
20733,1
20763,1
20794,1
20974,1
21105,1
21167,1
21217,1
21340,1
21355,1
21533,1
21595,1
21822,1
22193,1
22227,1
22324,1
22708,1
23505,1
23534,1
23569,1
24240,1
24657,1
25000,1
26136,1
26542,1
26740,1
27449,1
27484,1
27905,1
30127,1
31661,1
31762,1
31770,1
31772,1
31902,1
32380,1
32389,1
32491,1
32621,1
32667,1
32856,1
33095,1
33118,1
33183,1
33246,1
33306,1
33491,1
33543,1
33544,1
33665,1
34339,1
34808,1
35063,1
35152,1
35286,1
36360,1
38192,1
38394,1
38397,1
38938,1
38939,1
38959,1
38968,1
40304,1
40319,1
40323,1
40347,1
40349,1
40378,1
40419,1
40499,1
40509,1
40558,1
40723,1
40814,1
40835,1
40880,1
40895,1
40905,1
41073,1
41217,1
41502,1
41543,1
41872,1
41899,1
41954,1
41991,1
42336,1
42674,1
43053,1
44749,1
44788,1
45044,1
47107,1
47421,1
48249,1
48252,1
49256,1
49260,1
49293,1
50020,1
50256,1
50274,1
50668,1
51,1
51709,1
52048,1
52216,1
52275,1
52306,1
52520,1
52672,1
53718,1
53729,1
54808,1
56107,1
57,1
57298,1
57330,1
57414,1
57528,1
57578,1
57918,1
58028,1
58150,1
58234,1
58432,1
58871,1
59022,1
59,1
59156,1
59296,1
59321,1
59415,1
59547,1
59661,1
59744,1
59964,1
59978,1
60629,1
61465,1
63476,1
63539,1
86,1
89,1
9678,1
9682,1
9684,1
9688,1
9704,1
9711,1
9715,1
9718,1
9735,1
9737,1
9760,1
9773,1
9774,1
9775,1
9779,1
9780,1
9781,1
