2	0
4	1
5	2
6	3
7	4
8	5
10	6
12	7
14	8
15	9
17	10
18	11
19	12
20	13
21	14
22	15
23	16
24	17
25	18
26	19
27	20
29	21
30	22
31	23
32	24
33	25
34	26
35	27
36	28
37	29
38	30
39	31
46	32
47	33
56	34
58	35
60	36
61	37
62	38
63	39
64	40
65	41
66	42
67	43
68	44
69	45
70	46
71	47
75	48
76	49
77	50
78	51
79	52
80	53
83	54
85	55
86	56
87	57
88	58
90	59
91	60
94	61
96	62
99	63
100	64
101	65
102	66
103	67
104	68
113	69
117	70
118	71
120	72
121	73
122	74
123	75
125	76
126	77
129	78
130	79
281	80
678	81
966	82
1530	83
1551	84
1557	85
1631	86
2067	87
2121	88
2140	89
2162	90
2302	91
2827	92
3556	93
3557	94
4030	95
5859	96
8329	97
9214	98
9382	99
10131	100
10132	101
10133	102
10134	103
10135	104
10136	105
10137	106
10138	107
10139	108
10141	109
10143	110
10144	111
10145	112
10146	113
10147	114
10148	115
10149	116
10150	117
10151	118
10152	119
10156	120
10157	121
10158	122
10159	123
10160	124
10161	125
10162	126
10164	127
10165	128
10166	129
10168	130
10169	131
10170	132
10171	133
10172	134
10174	135
10175	136
10176	137
10177	138
10178	139
10179	140
10180	141
10181	142
10182	143
10183	144
10184	145
10185	146
10186	147
10188	148
10189	149
10190	150
10191	151
10192	152
10193	153
10194	154
10195	155
10196	156
10197	157
10198	158
10199	159
10200	160
10203	161
10204	162
10205	163
10207	164
10208	165
10209	166
10210	167
10211	168
10212	169
10213	170
10214	171
10215	172
10216	173
10217	174
10218	175
10219	176
10221	177
10223	178
10224	179
10225	180
10226	181
10227	182
10229	183
10231	184
10232	185
10789	186
10856	187
10897	188
11080	189
11153	190
11488	191
11807	192
12321	193
13385	194
13394	195
13401	196
13402	197
13403	198
13404	199
13442	200
13449	201
13461	202
13462	203
13464	204
13467	205
13469	206
13561	207
13563	208
13670	209
13798	210
13799	211
13809	212
13913	213
13918	214
14080	215
14150	216
14152	217
14153	218
14156	219
14157	220
14159	221
14160	222
14161	223
14163	224
14166	225
14185	226
14201	227
14273	228
14282	229
14298	230
14301	231
14316	232
14348	233
14437	234
14441	235
14445	236
14446	237
14488	238
14508	239
14510	240
14514	241
14522	242
14523	243
14527	244
14529	245
14570	246
14608	247
14647	248
14686	249
14687	250
14688	251
14695	252
14697	253
14700	254
14977	255
14998	256
15001	257
15038	258
15103	259
15111	260
15157	261
15181	262
15230	263
15303	264
15309	265
15312	266
15325	267
15345	268
15346	269
15370	270
15392	271
15406	272
15434	273
15443	274
15464	275
15482	276
15487	277
15489	278
15511	279
15532	280
15549	281
15564	282
15587	283
15670	284
15674	285
15885	286
15896	287
15962	288
15977	289
16090	290
16286	291
16321	292
16475	293
16590	294
16639	295
16646	296
16648	297
16695	298
16783	299
16791	300
16894	301
16986	302
16991	303
17015	304
17039	305
17063	306
17073	307
17086	308
17104	309
17147	310
17177	311
17249	312
17257	313
17276	314
17288	315
17351	316
17386	317
17393	318
17394	319
17475	320
17582	321
17624	322
17663	323
17678	324
17684	325
17691	326
17747	327
17830	328
18362	329
19102	330
20152	331
20695	332
20721	333
21615	334
21802	335
21900	336
22641	337
22642	338
22650	339
22692	340
22706	341
23030	342
23252	343
23255	344
23587	345
24315	346
24316	347
24333	348
24338	349
24376	350
24379	351
24390	352
24396	353
24418	354
24433	355
24440	356
24449	357
24454	358
24455	359
24479	360
24482	361
24518	362
24547	363
24566	364
24572	365
24610	366
24646	367
24653	368
24673	369
24721	370
24726	371
24767	372
24814	373
24861	374
24894	375
24909	376
24937	377
24950	378
24971	379
25001	380
25022	381
25023	382
25046	383
25047	384
25053	385
25059	386
25097	387
25114	388
25116	389
25128	390
25142	391
25150	392
25169	393
25203	394
25205	395
25208	396
25225	397
25241	398
25266	399
25276	400
25278	401
25288	402
25299	403
25310	404
25333	405
25389	406
25401	407
25410	408
25412	409
25415	410
25429	411
25430	412
25461	413
25474	414
25476	415
25481	416
25483	417
25532	418
25580	419
25581	420
25587	421
25607	422
25628	423
25808	424
25846	425
25957	426
26212	427
26245	428
26246	429
26249	430
26268	431
26351	432
26359	433
26384	434
26385	435
26407	436
26423	437
26639	438
26692	439
26724	440
26843	441
26980	442
26981	443
27027	444
27063	445
27099	446
27115	447
27139	448
27140	449
27146	450
27234	451
27287	452
27292	453
27434	454
27435	455
27465	456
27486	457
27487	458
27743	459
28100	460
28107	461
28108	462
28110	463
28116	464
28122	465
28123	466
28126	467
28143	468
28146	469
28174	470
28177	471
28182	472
28184	473
28192	474
28195	475
28197	476
28198	477
28205	478
28215	479
28219	480
29099	481
29100	482
29300	483
29630	484
30502	485
30558	486
30938	487
31209	488
31233	489
31975	490
32106	491
32130	492
32476	493
32650	494
32893	495
32894	496
33257	497
33321	498
33473	499
33489	500
33490	501
33492	502
33495	503
33496	504
33498	505
33499	506
33502	507
33505	508
33509	509
33510	510
33514	511
33518	512
33519	513
33520	514
33521	515
33522	516
33635	517
33708	518
34478	519
34479	520
34480	521
34744	522
34770	523
35858	524
36135	525
36246	526
36762	527
37937	528
37942	529
37944	530
37945	531
37947	532
37949	533
37981	534
37982	535
37983	536
37985	537
38626	538
38798	539
39760	540
40147	541
40736	542
40846	543
40853	544
41031	545
41393	546
41436	547
41753	548
42269	549
43315	550
43330	551
43340	552
43341	553
43350	554
43357	555
43358	556
43359	557
43360	558
43405	559
43416	560
43417	561
43418	562
43420	563
43423	564
43517	565
43519	566
43583	567
43627	568
43758	569
43768	570
43871	571
43974	572
44109	573
44111	574
44112	575
44115	576
44116	577
44118	578
44119	579
44120	580
44122	581
44125	582
44144	583
44182	584
44242	585
44257	586
44260	587
44306	588
44369	589
44394	590
44398	591
44402	592
44403	593
44448	594
44468	595
44474	596
44479	597
44482	598
44483	599
44486	600
44529	601
44566	602
44644	603
44645	604
44646	605
44653	606
44655	607
44658	608
44935	609
44959	610
44996	611
45061	612
45189	613
45260	614
45269	615
45302	616
45303	617
45363	618
45382	619
45392	620
45422	621
45440	622
45445	623
45447	624
45490	625
45513	626
45522	627
45546	628
45593	629
45612	630
45633	631
45797	632
45843	633
45854	634
45920	635
46048	636
46230	637
46278	638
46281	639
46434	640
46504	641
46549	642
46598	643
46605	644
46607	645
46654	646
46716	647
46745	648
46753	649
46948	650
46953	651
46977	652
47000	653
47002	654
47067	655
47141	656
47213	657
47221	658
47440	659
47470	660
47547	661
47590	662
47644	663
47652	664
47657	665
47712	666
47802	667
48330	668
49073	669
50125	670
51779	671
51877	672
51878	673
52610	674
52620	675
52629	676
52630	677
52638	678
52673	679
53236	680
53572	681
54300	682
54318	683
54323	684
54364	685
54380	686
54383	687
54417	688
54424	689
54433	690
54438	691
54439	692
54463	693
54502	694
54531	695
54549	696
54550	697
54556	698
54561	699
54595	700
54658	701
54711	702
54745	703
54752	704
54777	705
54800	706
54881	707
54896	708
54901	709
54923	710
54936	711
54987	712
55008	713
55017	714
55032	715
55102	716
55114	717
55137	718
55156	719
55176	720
55190	721
55194	722
55254	723
55266	724
55276	725
55287	726
55402	727
55405	728
55410	729
55419	730
55464	731
55471	732
55522	733
55538	734
55572	735
55578	736
55598	737
55619	738
55672	739
55882	740
56242	741
56357	742
56381	743
56382	744
56402	745
56483	746
56635	747
56722	748
56839	749
56978	750
56979	751
56980	752
57026	753
57062	754
57097	755
57138	756
57139	757
57141	758
57146	759
57237	760
57429	761
57430	762
57459	763
57478	764
57479	765
57978	766
57988	767
57989	768
57994	769
58007	770
58034	771
58037	772
58039	773
58041	774
58043	775
58049	776
58050	777
58051	778
58064	779
58798	780
59019	781
59948	782
60315	783
61294	784
62459	785
62466	786
62470	787
63252	788
63253	789
63255	790
64372	791
66198	792
66795	793
66952	794
68286	795
68670	796
68780	797
68787	798
68965	799
68985	800
69491	801
69687	802
70041	803
70203	804
71192	805
71229	806
71249	807
71274	808
71275	809
71284	810
71291	811
71292	812
71293	813
71294	814
71339	815
71351	816
71352	817
71354	818
71357	819
71361	820
71451	821
71453	822
71517	823
71561	824
71691	825
71702	826
71805	827
71908	828
71931	829
72043	830
72045	831
72046	832
72049	833
72053	834
72054	835
72056	836
72059	837
72078	838
72176	839
72191	840
72194	841
72195	842
72209	843
72210	844
72240	845
72328	846
72332	847
72336	848
72337	849
72382	850
72402	851
72408	852
72416	853
72417	854
72420	855
72422	856
72463	857
72539	858
72578	859
72579	860
72580	861
72587	862
72589	863
72592	864
72869	865
72930	866
72995	867
73049	868
73073	869
73123	870
73194	871
73200	872
73203	873
73216	874
73236	875
73237	876
73283	877
73297	878
73325	879
73326	880
73335	881
73374	882
73379	883
73381	884
73384	885
73403	886
73424	887
73447	888
73456	889
73480	890
73567	891
73777	892
73854	893
73869	894
73982	895
74180	896
74212	897
74215	898
74368	899
74483	900
74529	901
74532	902
74539	903
74541	904
74588	905
74679	906
74687	907
74882	908
74887	909
74934	910
74936	911
74960	912
74970	913
75048	914
75147	915
75155	916
75285	917
75292	918
75344	919
75374	920
75481	921
75524	922
75578	923
75584	924
75591	925
75646	926
75731	927
76264	928
78059	929
79528	930
79713	931
79812	932
80542	933
80543	934
80554	935
80563	936
80564	937
80572	938
80607	939
80991	940
81170	941
82234	942
82295	943
82298	944
82314	945
82336	946
82342	947
82351	948
82358	949
82372	950
82373	951
82397	952
82436	953
82437	954
82465	955
82483	956
82484	957
82490	958
82565	959
82572	960
82592	961
82645	962
82815	963
82830	964
82870	965
82891	966
82907	967
82942	968
82966	969
83015	970
83017	971
83036	972
83048	973
83071	974
83090	975
83109	976
83124	977
83136	978
83147	979
83188	980
83200	981
83210	982
83221	983
83230	984
83232	985
83325	986
83336	987
83353	988
83398	989
83405	990
83434	991
83456	992
83472	993
83505	994
83506	995
83512	996
83553	997
83731	998
83769	999
83816	1000
83828	1001
83882	1002
84176	1003
84199	1004
84221	1005
84230	1006
84291	1007
84315	1008
84316	1009
84336	1010
84519	1011
84569	1012
84656	1013
84773	1014
84891	1015
84912	1016
84913	1017
84914	1018
84996	1019
85031	1020
85047	1021
85072	1022
85073	1023
85080	1024
85082	1025
85084	1026
85171	1027
85223	1028
85363	1029
85364	1030
85393	1031
85412	1032
85413	1033
85912	1034
85922	1035
85923	1036
85928	1037
85941	1038
85968	1039
85971	1040
85975	1041
85977	1042
85983	1043
85984	1044
85985	1045
85998	1046
86731	1047
86732	1048
87882	1049
88249	1050
89228	1051
90393	1052
90400	1053
90405	1054
91186	1055
91187	1056
91641	1057
92306	1058
93292	1059
95701	1060
96020	1061
96049	1062
96050	1063
96052	1064
96053	1065
96054	1066
96055	1067
96057	1068
96058	1069
96059	1070
96060	1071
96061	1072
96062	1073
96063	1074
96064	1075
96065	1076
96066	1077
96067	1078
96068	1079
96069	1080
96070	1081
96071	1082
96072	1083
96073	1084
96074	1085
96075	1086
96076	1087
96077	1088
96078	1089
96079	1090
96080	1091
96081	1092
96082	1093
96083	1094
96084	1095
96085	1096
96086	1097
96087	1098
96088	1099
96089	1100
96090	1101
96091	1102
96092	1103
96093	1104
96094	1105
96095	1106
96096	1107
96097	1108
96098	1109
96099	1110
96100	1111
96101	1112
96102	1113
96103	1114
96104	1115
96105	1116
96106	1117
96107	1118
96108	1119
96109	1120
96110	1121
96111	1122
96112	1123
96114	1124
96115	1125
