1	0
2	1
5	2
6	3
7	4
8	5
14	6
15	7
16	8
17	9
18	10
19	11
20	12
21	13
22	14
23	15
24	16
25	17
26	18
27	19
29	20
30	21
31	22
32	23
33	24
34	25
35	26
36	27
37	28
38	29
40	30
41	31
42	32
46	33
47	34
50	35
51	36
56	37
58	38
60	39
61	40
62	41
63	42
64	43
65	44
66	45
67	46
68	47
69	48
70	49
71	50
72	51
75	52
76	53
77	54
78	55
79	56
80	57
85	58
86	59
90	60
91	61
94	62
96	63
99	64
100	65
101	66
102	67
103	68
104	69
113	70
117	71
118	72
120	73
121	74
122	75
123	76
126	77
129	78
130	79
281	80
966	81
1557	82
1631	83
2067	84
2494	85
3556	86
3557	87
5859	88
8329	89
9214	90
9382	91
10132	92
10134	93
10135	94
10136	95
10137	96
10138	97
10139	98
10140	99
10141	100
10143	101
10145	102
10146	103
10147	104
10149	105
10150	106
10151	107
10152	108
10156	109
10158	110
10159	111
10164	112
10165	113
10166	114
10168	115
10169	116
10171	117
10172	118
10174	119
10180	120
10181	121
10183	122
10184	123
10185	124
10186	125
10187	126
10192	127
10194	128
10195	129
10196	130
10197	131
10198	132
10199	133
10200	134
10207	135
10208	136
10209	137
10210	138
10211	139
10212	140
10213	141
10214	142
10215	143
10216	144
10217	145
10219	146
10220	147
10223	148
10224	149
10225	150
10226	151
10227	152
10229	153
10231	154
10232	155
10233	156
10382	157
10405	158
10789	159
10897	160
10904	161
11080	162
11153	163
11445	164
11488	165
11807	166
12161	167
12321	168
13310	169
13360	170
13385	171
13394	172
13401	173
13402	174
13403	175
13404	176
13449	177
13451	178
13461	179
13462	180
13464	181
13467	182
13561	183
13563	184
13604	185
13670	186
13798	187
13809	188
13913	189
13918	190
14080	191
14150	192
14152	193
14153	194
14156	195
14157	196
14159	197
14160	198
14161	199
14163	200
14166	201
14185	202
14273	203
14282	204
14298	205
14301	206
14316	207
14348	208
14349	209
14412	210
14437	211
14441	212
14445	213
14446	214
14488	215
14508	216
14510	217
14514	218
14522	219
14523	220
14525	221
14527	222
14529	223
14570	224
14576	225
14608	226
14686	227
14687	228
14688	229
14695	230
14696	231
14697	232
14700	233
14746	234
14977	235
15001	236
15038	237
15103	238
15111	239
15157	240
15181	241
15303	242
15309	243
15312	244
15325	245
15345	246
15346	247
15370	248
15392	249
15406	250
15434	251
15464	252
15482	253
15487	254
15489	255
15511	256
15532	257
15549	258
15564	259
15587	260
15634	261
15670	262
15885	263
15888	264
15896	265
15962	266
16090	267
16321	268
16639	269
16646	270
16648	271
16695	272
16783	273
16791	274
16894	275
16986	276
16991	277
17015	278
17039	279
17063	280
17101	281
17147	282
17177	283
17249	284
17257	285
17288	286
17351	287
17386	288
17475	289
17582	290
17624	291
17663	292
17678	293
17691	294
17747	295
17835	296
18362	297
19453	298
20152	299
20721	300
21802	301
21899	302
21900	303
22641	304
22642	305
22650	306
22692	307
22706	308
22713	309
23587	310
24315	311
24316	312
24338	313
24379	314
24390	315
24396	316
24418	317
24424	318
24433	319
24440	320
24454	321
24455	322
24479	323
24518	324
24547	325
24564	326
24566	327
24572	328
24576	329
24610	330
24653	331
24673	332
24721	333
24726	334
24894	335
24909	336
24937	337
24938	338
24950	339
24971	340
25022	341
25046	342
25053	343
25070	344
25095	345
25097	346
25114	347
25116	348
25128	349
25142	350
25150	351
25169	352
25203	353
25205	354
25225	355
25257	356
25266	357
25276	358
25278	359
25288	360
25299	361
25308	362
25310	363
25333	364
25401	365
25412	366
25429	367
25430	368
25461	369
25474	370
25476	371
25481	372
25510	373
25532	374
25580	375
25587	376
25607	377
25628	378
25808	379
25957	380
26245	381
26249	382
26268	383
26359	384
26384	385
26385	386
26407	387
26423	388
26489	389
26494	390
26639	391
26643	392
26692	393
26724	394
26833	395
26843	396
26959	397
26980	398
27063	399
27099	400
27115	401
27139	402
27140	403
27142	404
27146	405
27234	406
27287	407
27324	408
27434	409
27435	410
27465	411
27486	412
27487	413
27743	414
28100	415
28107	416
28108	417
28110	418
28116	419
28122	420
28123	421
28126	422
28143	423
28146	424
28171	425
28174	426
28177	427
28182	428
28184	429
28192	430
28195	431
28197	432
28198	433
28205	434
28215	435
28219	436
29099	437
29100	438
30502	439
30511	440
30558	441
30938	442
32106	443
32650	444
32893	445
32894	446
33257	447
33321	448
33473	449
33489	450
33490	451
33492	452
33495	453
33496	454
33498	455
33499	456
33502	457
33505	458
33509	459
33510	460
33514	461
33518	462
33519	463
33520	464
33521	465
33522	466
33629	467
33708	468
34478	469
34479	470
34480	471
34482	472
34744	473
35858	474
35863	475
36135	476
36198	477
36241	478
36762	479
36997	480
37937	481
37942	482
37944	483
37945	484
37947	485
37949	486
37981	487
37985	488
38798	489
40029	490
40846	491
41030	492
41031	493
43315	494
43330	495
43340	496
43341	497
43350	498
43357	499
43358	500
43359	501
43360	502
43416	503
43417	504
43420	505
43423	506
43427	507
43517	508
43519	509
43627	510
43871	511
44055	512
44109	513
44111	514
44112	515
44115	516
44116	517
44119	518
44120	519
44125	520
44242	521
44257	522
44260	523
44261	524
44275	525
44369	526
44379	527
44394	528
44398	529
44402	530
44448	531
44468	532
44474	533
44483	534
44486	535
44529	536
44644	537
44645	538
44646	539
44654	540
44655	541
44658	542
44959	543
44996	544
45032	545
45061	546
45070	547
45139	548
45189	549
45260	550
45302	551
45303	552
45363	553
45382	554
45392	555
45440	556
45445	557
45447	558
45490	559
45506	560
45522	561
45546	562
45843	563
45854	564
45920	565
46048	566
46281	567
46598	568
46605	569
46607	570
46654	571
46745	572
46753	573
46948	574
46953	575
47002	576
47141	577
47440	578
47547	579
47590	580
47644	581
47712	582
47797	583
48330	584
49073	585
50125	586
51877	587
51878	588
52620	589
52673	590
53057	591
54300	592
54323	593
54364	594
54380	595
54417	596
54463	597
54500	598
54531	599
54549	600
54550	601
54556	602
54595	603
54658	604
54711	605
54777	606
54800	607
54881	608
54896	609
54957	610
55008	611
55032	612
55083	613
55102	614
55114	615
55137	616
55156	617
55190	618
55254	619
55266	620
55287	621
55298	622
55405	623
55410	624
55420	625
55464	626
55471	627
55522	628
55538	629
55572	630
55578	631
55619	632
55672	633
55882	634
56296	635
56357	636
56381	637
56382	638
56402	639
56483	640
56635	641
56722	642
56839	643
56978	644
56980	645
57026	646
57062	647
57097	648
57138	649
57139	650
57141	651
57146	652
57148	653
57237	654
57289	655
57429	656
57430	657
57459	658
57479	659
57989	660
58007	661
58034	662
58037	663
58041	664
58043	665
58049	666
58050	667
58051	668
58064	669
58798	670
59948	671
60315	672
62459	673
62466	674
62470	675
63253	676
64372	677
64645	678
66795	679
66952	680
68670	681
68780	682
68787	683
68985	684
69370	685
69683	686
69686	687
70041	688
70203	689
71249	690
71264	691
71274	692
71275	693
71284	694
71291	695
71292	696
71293	697
71294	698
71332	699
71339	700
71341	701
71350	702
71352	703
71357	704
71451	705
71453	706
71561	707
71691	708
71805	709
71907	710
71908	711
71909	712
71931	713
72043	714
72045	715
72046	716
72049	717
72052	718
72053	719
72054	720
72056	721
72059	722
72078	723
72191	724
72194	725
72210	726
72240	727
72328	728
72332	729
72336	730
72337	731
72382	732
72402	733
72408	734
72416	735
72417	736
72420	737
72422	738
72463	739
72578	740
72579	741
72580	742
72589	743
72592	744
72995	745
73004	746
73046	747
73049	748
73123	749
73194	750
73200	751
73236	752
73237	753
73283	754
73297	755
73326	756
73356	757
73374	758
73379	759
73381	760
73384	761
73424	762
73440	763
73447	764
73456	765
73480	766
73527	767
73567	768
73777	769
73788	770
73854	771
73950	772
73982	773
74215	774
74368	775
74483	776
74529	777
74532	778
74539	779
74541	780
74588	781
74679	782
74687	783
74887	784
74911	785
74960	786
75045	787
75155	788
75344	789
75374	790
75481	791
75524	792
75578	793
75591	794
75646	795
75736	796
76264	797
78059	798
78304	799
79713	800
79812	801
80554	802
80555	803
80563	804
80607	805
80621	806
80991	807
81170	808
82234	809
82257	810
82298	811
82314	812
82336	813
82342	814
82351	815
82358	816
82367	817
82373	818
82397	819
82434	820
82436	821
82465	822
82483	823
82484	824
82529	825
82592	826
82640	827
82645	828
82734	829
82815	830
82830	831
82835	832
82857	833
82870	834
82907	835
82940	836
82966	837
83017	838
83048	839
83090	840
83110	841
83124	842
83126	843
83188	844
83200	845
83210	846
83221	847
83230	848
83232	849
83325	850
83336	851
83341	852
83353	853
83405	854
83434	855
83456	856
83472	857
83512	858
83553	859
83731	860
83757	861
83793	862
83816	863
84176	864
84180	865
84199	866
84230	867
84291	868
84315	869
84316	870
84417	871
84569	872
84623	873
84656	874
84773	875
84891	876
84912	877
84913	878
84914	879
84996	880
85031	881
85072	882
85073	883
85075	884
85080	885
85171	886
85363	887
85364	888
85393	889
85912	890
85922	891
85923	892
85941	893
85968	894
85971	895
85975	896
85977	897
85983	898
85984	899
85985	900
85998	901
86732	902
87882	903
87891	904
88249	905
89228	906
90392	907
90393	908
90400	909
90404	910
90405	911
91185	912
91186	913
91187	914
91189	915
92306	916
93292	917
94886	918
95629	919
96020	920
96049	921
96050	922
96052	923
96053	924
96054	925
96056	926
96057	927
96058	928
96059	929
96060	930
96061	931
96062	932
96064	933
96065	934
96066	935
96067	936
96068	937
96069	938
96070	939
96071	940
96072	941
96073	942
96074	943
96075	944
96076	945
96077	946
96078	947
96079	948
96080	949
96081	950
96082	951
96083	952
96084	953
96085	954
96086	955
96087	956
96088	957
96089	958
96090	959
96091	960
96092	961
96093	962
96094	963
96095	964
96096	965
96097	966
96098	967
96099	968
96100	969
96101	970
96102	971
96103	972
96104	973
96105	974
96106	975
96107	976
96108	977
96109	978
96110	979
96111	980
96112	981
96114	982
96115	983
