5	0
6	1
7	2
8	3
12	4
14	5
15	6
16	7
17	8
18	9
19	10
20	11
21	12
22	13
23	14
24	15
25	16
26	17
27	18
29	19
30	20
31	21
32	22
33	23
34	24
35	25
37	26
38	27
39	28
40	29
42	30
43	31
44	32
45	33
46	34
47	35
48	36
50	37
51	38
52	39
53	40
55	41
56	42
58	43
59	44
60	45
61	46
62	47
63	48
64	49
65	50
66	51
67	52
68	53
69	54
70	55
71	56
73	57
75	58
76	59
77	60
78	61
79	62
80	63
83	64
84	65
85	66
86	67
90	68
91	69
94	70
96	71
97	72
99	73
100	74
101	75
102	76
103	77
104	78
112	79
113	80
117	81
118	82
120	83
121	84
122	85
123	86
125	87
126	88
129	89
130	90
281	91
479	92
498	93
678	94
796	95
1547	96
1631	97
1689	98
2067	99
2121	100
2144	101
3238	102
3556	103
4085	104
4396	105
5847	106
5859	107
8403	108
8414	109
9214	110
9382	111
9503	112
10132	113
10134	114
10135	115
10136	116
10137	117
10138	118
10139	119
10140	120
10141	121
10143	122
10146	123
10147	124
10149	125
10150	126
10152	127
10154	128
10156	129
10157	130
10158	131
10159	132
10161	133
10164	134
10165	135
10166	136
10168	137
10171	138
10172	139
10174	140
10175	141
10180	142
10181	143
10182	144
10183	145
10184	146
10185	147
10186	148
10191	149
10192	150
10193	151
10194	152
10195	153
10197	154
10198	155
10199	156
10200	157
10204	158
10205	159
10207	160
10210	161
10211	162
10212	163
10213	164
10214	165
10215	166
10216	167
10219	168
10222	169
10223	170
10224	171
10225	172
10227	173
10231	174
10232	175
10233	176
10246	177
10306	178
10382	179
10477	180
10738	181
10789	182
10844	183
10897	184
10904	185
11004	186
11018	187
11034	188
11060	189
11079	190
11080	191
11100	192
11153	193
11445	194
11488	195
11807	196
12321	197
12576	198
12619	199
13336	200
13340	201
13350	202
13375	203
13385	204
13394	205
13401	206
13402	207
13403	208
13404	209
13441	210
13449	211
13451	212
13460	213
13461	214
13462	215
13464	216
13467	217
13561	218
13563	219
13604	220
13626	221
13670	222
13798	223
13799	224
13809	225
13840	226
13855	227
13913	228
13927	229
13981	230
13988	231
13999	232
14015	233
14016	234
14080	235
14097	236
14150	237
14152	238
14153	239
14156	240
14157	241
14160	242
14161	243
14163	244
14166	245
14185	246
14223	247
14273	248
14298	249
14301	250
14303	251
14348	252
14349	253
14412	254
14419	255
14437	256
14440	257
14441	258
14445	259
14446	260
14475	261
14488	262
14508	263
14510	264
14514	265
14522	266
14523	267
14524	268
14527	269
14529	270
14570	271
14576	272
14608	273
14686	274
14687	275
14688	276
14695	277
14696	278
14697	279
14700	280
14761	281
14957	282
14977	283
14998	284
15001	285
15015	286
15038	287
15071	288
15074	289
15088	290
15103	291
15111	292
15113	293
15157	294
15169	295
15303	296
15312	297
15325	298
15345	299
15346	300
15370	301
15399	302
15406	303
15424	304
15434	305
15443	306
15464	307
15482	308
15487	309
15489	310
15493	311
15504	312
15511	313
15532	314
15535	315
15549	316
15587	317
15653	318
15670	319
15674	320
15885	321
15888	322
15896	323
15962	324
15977	325
15993	326
16073	327
16090	328
16260	329
16286	330
16318	331
16321	332
16444	333
16475	334
16523	335
16578	336
16590	337
16639	338
16646	339
16648	340
16694	341
16695	342
16698	343
16783	344
16791	345
16887	346
16894	347
16986	348
16991	349
16995	350
17015	351
17039	352
17063	353
17101	354
17104	355
17147	356
17177	357
17249	358
17254	359
17345	360
17351	361
17386	362
17393	363
17394	364
17444	365
17475	366
17485	367
17487	368
17506	369
17514	370
17579	371
17582	372
17624	373
17663	374
17678	375
17691	376
17700	377
17747	378
17835	379
18362	380
19101	381
19102	382
20152	383
20153	384
20680	385
21209	386
21304	387
21448	388
21802	389
21829	390
21900	391
21901	392
21983	393
22631	394
22641	395
22642	396
22643	397
22650	398
22673	399
22690	400
22692	401
23074	402
23234	403
23252	404
23255	405
23587	406
24315	407
24338	408
24376	409
24379	410
24390	411
24396	412
24418	413
24424	414
24433	415
24443	416
24449	417
24454	418
24455	419
24479	420
24482	421
24516	422
24517	423
24518	424
24519	425
24547	426
24551	427
24555	428
24565	429
24566	430
24576	431
24610	432
24611	433
24653	434
24673	435
24721	436
24726	437
24767	438
24776	439
24792	440
24802	441
24814	442
24861	443
24894	444
24907	445
24909	446
24915	447
24937	448
24950	449
24971	450
24987	451
25022	452
25031	453
25046	454
25053	455
25095	456
25097	457
25116	458
25128	459
25150	460
25169	461
25188	462
25203	463
25205	464
25207	465
25208	466
25266	467
25267	468
25278	469
25288	470
25299	471
25310	472
25389	473
25401	474
25412	475
25415	476
25461	477
25474	478
25476	479
25479	480
25481	481
25483	482
25510	483
25532	484
25580	485
25581	486
25587	487
25628	488
25681	489
25773	490
25780	491
25808	492
25957	493
25959	494
26155	495
26212	496
26245	497
26249	498
26268	499
26300	500
26359	501
26384	502
26385	503
26401	504
26407	505
26423	506
26489	507
26529	508
26639	509
26643	510
26660	511
26692	512
26713	513
26722	514
26724	515
26843	516
26980	517
26981	518
27015	519
27063	520
27099	521
27115	522
27134	523
27139	524
27140	525
27146	526
27234	527
27287	528
27297	529
27299	530
27434	531
27435	532
27465	533
27486	534
27487	535
27743	536
28039	537
28100	538
28107	539
28108	540
28110	541
28112	542
28116	543
28122	544
28123	545
28126	546
28143	547
28146	548
28171	549
28174	550
28177	551
28182	552
28184	553
28189	554
28192	555
28195	556
28197	557
28198	558
28205	559
28215	560
28219	561
28221	562
28585	563
28892	564
29085	565
29100	566
30120	567
30502	568
30558	569
30938	570
31163	571
31209	572
31233	573
31975	574
32106	575
32476	576
32650	577
32893	578
32894	579
33321	580
33473	581
33489	582
33490	583
33492	584
33494	585
33495	586
33496	587
33498	588
33499	589
33502	590
33505	591
33509	592
33510	593
33514	594
33517	595
33518	596
33519	597
33520	598
33521	599
33522	600
33630	601
33708	602
33712	603
33886	604
33969	605
33971	606
34478	607
34479	608
34480	609
34715	610
34728	611
34744	612
34770	613
34836	614
35858	615
36065	616
36135	617
36137	618
36241	619
36386	620
36762	621
36997	622
37937	623
37942	624
37944	625
37945	626
37947	627
37949	628
37982	629
37985	630
38626	631
38798	632
39146	633
39760	634
40029	635
40147	636
40279	637
40352	638
40853	639
41059	640
41083	641
41393	642
41753	643
42269	644
42527	645
42932	646
43301	647
43315	648
43317	649
43330	650
43340	651
43341	652
43350	653
43357	654
43358	655
43359	656
43360	657
43405	658
43416	659
43420	660
43423	661
43517	662
43561	663
43627	664
43757	665
43871	666
43958	667
43974	668
43997	669
44109	670
44111	671
44112	672
44115	673
44119	674
44120	675
44125	676
44144	677
44257	678
44260	679
44275	680
44276	681
44306	682
44307	683
44369	684
44376	685
44394	686
44397	687
44398	688
44402	689
44403	690
44448	691
44468	692
44474	693
44483	694
44486	695
44488	696
44529	697
44566	698
44644	699
44645	700
44646	701
44654	702
44657	703
44935	704
44996	705
45061	706
45145	707
45189	708
45260	709
45269	710
45285	711
45302	712
45303	713
45349	714
45363	715
45382	716
45392	717
45422	718
45440	719
45445	720
45447	721
45490	722
45493	723
45506	724
45513	725
45522	726
45546	727
45797	728
45842	729
45843	730
45846	731
45920	732
45935	733
45936	734
46048	735
46126	736
46230	737
46278	738
46281	739
46434	740
46589	741
46598	742
46605	743
46607	744
46654	745
46716	746
46745	747
46753	748
46977	749
47002	750
47156	751
47213	752
47358	753
47359	754
47440	755
47452	756
47478	757
47547	758
47590	759
47644	760
47657	761
47712	762
47797	763
47802	764
48330	765
50125	766
51184	767
51779	768
51878	769
51879	770
51961	771
52606	772
52620	773
52621	774
52629	775
52638	776
52673	777
52822	778
53236	779
54300	780
54301	781
54323	782
54364	783
54380	784
54417	785
54424	786
54433	787
54435	788
54466	789
54502	790
54531	791
54539	792
54559	793
54595	794
54596	795
54638	796
54658	797
54711	798
54787	799
54872	800
54881	801
54896	802
54901	803
54923	804
54957	805
55006	806
55017	807
55032	808
55083	809
55102	810
55137	811
55156	812
55174	813
55190	814
55192	815
55194	816
55254	817
55266	818
55276	819
55287	820
55391	821
55405	822
55407	823
55451	824
55464	825
55471	826
55500	827
55522	828
55538	829
55572	830
55578	831
55619	832
55823	833
55835	834
55948	835
56182	836
56330	837
56348	838
56357	839
56381	840
56382	841
56396	842
56483	843
56635	844
56689	845
56711	846
56720	847
56722	848
56839	849
56957	850
56978	851
57062	852
57097	853
57113	854
57137	855
57138	856
57139	857
57146	858
57237	859
57282	860
57289	861
57301	862
57429	863
57430	864
57459	865
57478	866
57479	867
57627	868
57986	869
57988	870
57989	871
58007	872
58028	873
58034	874
58037	875
58041	876
58043	877
58049	878
58050	879
58051	880
58064	881
58798	882
59948	883
60000	884
60315	885
61294	886
61738	887
62459	888
62466	889
62470	890
62471	891
63252	892
63253	893
64300	894
64372	895
64791	896
64808	897
65842	898
66198	899
66795	900
67767	901
67879	902
68086	903
68127	904
68358	905
68738	906
68780	907
68822	908
68888	909
68918	910
68956	911
68993	912
69017	913
69370	914
69378	915
69382	916
69687	917
69966	918
70041	919
70203	920
70461	921
71192	922
71225	923
71249	924
71264	925
71274	926
71275	927
71279	928
71284	929
71291	930
71292	931
71293	932
71294	933
71339	934
71350	935
71351	936
71354	937
71357	938
71451	939
71453	940
71517	941
71561	942
71691	943
71805	944
71819	945
71909	946
71983	947
72043	948
72045	949
72046	950
72049	951
72052	952
72053	953
72054	954
72059	955
72116	956
72167	957
72191	958
72194	959
72223	960
72240	961
72303	962
72313	963
72328	964
72331	965
72332	966
72333	967
72336	968
72337	969
72375	970
72382	971
72402	972
72408	973
72416	974
72417	975
72418	976
72420	977
72422	978
72463	979
72578	980
72579	981
72580	982
72585	983
72587	984
72588	985
72589	986
72869	987
72893	988
72907	989
72930	990
72966	991
72995	992
73006	993
73119	994
73194	995
73200	996
73203	997
73236	998
73237	999
73283	1000
73297	1001
73326	1002
73335	1003
73374	1004
73379	1005
73381	1006
73403	1007
73423	1008
73424	1009
73440	1010
73447	1011
73455	1012
73456	1013
73462	1014
73480	1015
73563	1016
73567	1017
73777	1018
73780	1019
73788	1020
73854	1021
73877	1022
73950	1023
73982	1024
74180	1025
74213	1026
74215	1027
74235	1028
74368	1029
74483	1030
74539	1031
74541	1032
74588	1033
74650	1034
74679	1035
74687	1036
74790	1037
74860	1038
74882	1039
74887	1040
74907	1041
74911	1042
74934	1043
74936	1044
74960	1045
74998	1046
75042	1047
75045	1048
75147	1049
75292	1050
75293	1051
75344	1052
75374	1053
75404	1054
75481	1055
75524	1056
75563	1057
75578	1058
75591	1059
75600	1060
75646	1061
75731	1062
76264	1063
77226	1064
78059	1065
78630	1066
79213	1067
79357	1068
79713	1069
79811	1070
79812	1071
79813	1072
79814	1073
80542	1074
80544	1075
80554	1076
80556	1077
80607	1078
81252	1079
82234	1080
82252	1081
82257	1082
82298	1083
82308	1084
82336	1085
82342	1086
82351	1087
82358	1088
82367	1089
82372	1090
82373	1091
82397	1092
82398	1093
82435	1094
82436	1095
82437	1096
82465	1097
82484	1098
82493	1099
82529	1100
82565	1101
82572	1102
82579	1103
82592	1104
82645	1105
82667	1106
82712	1107
82721	1108
82734	1109
82815	1110
82830	1111
82835	1112
82857	1113
82870	1114
82891	1115
82942	1116
82951	1117
82966	1118
83017	1119
83036	1120
83048	1121
83071	1122
83090	1123
83110	1124
83124	1125
83126	1126
83188	1127
83198	1128
83200	1129
83210	1130
83221	1131
83232	1132
83313	1133
83339	1134
83385	1135
83398	1136
83405	1137
83410	1138
83434	1139
83456	1140
83472	1141
83505	1142
83506	1143
83509	1144
83512	1145
83553	1146
83571	1147
83606	1148
83703	1149
83731	1150
83757	1151
83816	1152
83828	1153
83882	1154
83884	1155
84086	1156
84134	1157
84199	1158
84240	1159
84282	1160
84291	1161
84294	1162
84315	1163
84316	1164
84336	1165
84413	1166
84435	1167
84519	1168
84569	1169
84573	1170
84654	1171
84656	1172
84756	1173
84773	1174
84891	1175
84912	1176
84913	1177
84943	1178
84960	1179
84996	1180
85031	1181
85032	1182
85047	1183
85065	1184
85072	1185
85073	1186
85075	1187
85080	1188
85084	1189
85160	1190
85171	1191
85203	1192
85223	1193
85228	1194
85363	1195
85364	1196
85393	1197
85412	1198
85413	1199
85912	1200
85923	1201
85941	1202
85962	1203
85968	1204
85971	1205
85975	1206
85977	1207
85980	1208
85983	1209
85984	1210
85985	1211
85998	1212
86732	1213
87882	1214
87934	1215
88249	1216
88530	1217
89228	1218
90393	1219
90404	1220
90405	1221
90494	1222
91186	1223
91187	1224
91833	1225
92234	1226
92725	1227
93093	1228
93292	1229
94132	1230
94886	1231
95701	1232
96049	1233
96050	1234
96052	1235
96053	1236
96056	1237
96057	1238
96058	1239
96059	1240
96060	1241
96061	1242
96062	1243
96064	1244
96065	1245
96066	1246
96067	1247
96068	1248
96069	1249
96070	1250
96071	1251
96072	1252
96073	1253
96074	1254
96075	1255
96076	1256
96077	1257
96078	1258
96079	1259
96080	1260
96081	1261
96082	1262
96083	1263
96084	1264
96085	1265
96086	1266
96087	1267
96088	1268
96089	1269
96090	1270
96091	1271
96092	1272
96093	1273
96094	1274
96095	1275
96096	1276
96097	1277
96098	1278
96099	1279
96100	1280
96101	1281
96102	1282
96103	1283
96104	1284
96105	1285
96106	1286
96107	1287
96108	1288
96109	1289
96110	1290
96111	1291
96112	1292
96114	1293
96115	1294
