44644	2.8595
78	0.1958
96087	1.3976
10143	3.2085
24518	1783.8570
52620	6.2400
25169	1353.2137
10183	2.6735
41011	2.6909
15345	971.0996
10210	3.7523
56979	3.5176
72500	19.4346
57289	5.4015
72893	96.8584
37369	2236.9767
96079	1.3689
14488	1690.1433
84996	80.7955
26423	2018.1535
50125	9.6032
10166	3.5972
25095	3753.1687
74330	15.8197
45593	3.6776
55471	2.3905
27099	4801.1567
15074	22639.0736
34479	32261.4941
45382	5.5161
34037	407.7790
14527	982.6887
96085	8.6226
96061	4.7097
74687	14.3188
55254	2.6480
13460	220.9859
24338	1543.0928
76422	2.0000
74215	20.8025
83126	40.2427
10220	2.5670
15885	1203.5056
80572	32.1461
72413	29.6069
32894	31966.6367
25310	688.0365
47325	3.0896
89633	10.6944
10134	5.5101
48330	6.7395
14686	300.9527
30511	15569.0942
27287	4099.1364
44119	2.6623
13563	10295.0926
15985	1356.8168
96078	10606.4714
51779	4.6567
11488	20730.4762
71274	68.3158
14700	102.6876
13809	1529.9408
15936	3146.3561
74907	111.8309
17747	751.9761
33473	191.5071
32650	47.0336
73965	7.1766
38626	1273.1867
82308	5.3148
27139	99187.4558
32106	73620.5067
14298	2724.2496
13436	437.3842
82257	34.0858
83398	36.5044
17835	1132.2936
77558	18.1864
15233	1875.7679
23074	10695.7288
96080	222.5037
96108	67.8580
75	0.2965
73777	21.9356
68787	232.2937
26359	3122.6010
13278	294.8246
26671	3689.2976
46537	3.9367
26362	3274.0764
80607	46.9637
44402	3.4180
1557	1.0000
82942	43.6425
84913	29.4342
10856	47790.8196
68993	75.4645
89228	165.6068
47775	2.1458
77826	57.4853
53916	3.2833
2825	1.0000
96084	34.4434
46	498.0085
79713	31.3366
21902	43659.9867
67	0.3796
85084	80.5632
73283	54.9108
21443	31055.8727
28146	25599.6704
14570	59254.0022
82529	34.0460
72578	10.8495
10206	3.0256
23364	4599.4928
96099	2.4498
28100	61.4839
64372	1.2228
82373	42.7785
10135	3.2544
25532	1136.6157
17386	1727.4827
56959	4.6602
79530	20.6875
58064	2.4539
96083	1.2534
77573	23.5437
94	0.1773
45401	3.8101
14153	617.2749
37942	39.2084
13461	101.3985
24454	1481.7067
37029	132.2424
70643	7.4103
96086	22949.1990
72046	18.6657
34715	980.5203
9373	1.0000
28143	1906.6342
74882	1.6578
85228	30.3283
74998	24.1194
17063	1055.6906
82482	32.6342
96116	19.1488
21791	3032.1333
85984	94.2342
72417	57.4449
10139	2.6813
55102	2.5800
43295	4.6776
74763	37.5353
46031	1.8488
84023	21.1875
44562	7.5060
96068	39.6057
81170	36.0639
10151	2.8522
72418	7.3282
43291	3.5615
23164	3321.0238
72599	15.4829
72303	28.6298
19694	2536.5227
15244	404.2662
44111	4.1620
15962	19731.4953
10162	2.7808
46546	3.9599
40736	6.2888
71480	475.4559
14801	7496.9043
14302	13006.2736
10186	6.5950
57988	1.1848
54549	3.6438
43231	1.8499
26155	3346.6087
96016	24.9250
13401	5890.9796
71291	168.3450
10184	2.9789
41083	11.6511
25207	264.3929
17345	1053.6920
87882	1.9380
55287	2.6028
72408	74.6980
43358	2.9861
96115	12.1272
10215	2.7545
10136	2.8139
60315	8.5843
25046	821.3538
37983	5719.8333
45363	8.8536
79528	28.6647
17104	1276.8558
75344	47.7656
26095	518.1250
47547	2.6295
73381	38.7376
96052	70.2562
45260	7.7848
75646	18.3013
10147	3.2637
83339	29.3728
26918	2851.6124
83782	40.9623
96062	10917.9446
8	19.6298
100	0.4330
28205	1080.0053
82298	20.5604
47797	2.8955
2574	1.0000
72587	4.1048
46745	4.1548
74541	89.3759
72240	30.7427
74529	68.7542
96081	3.6786
85998	3.5311
72049	1489.6562
16286	3963.0860
27234	2394.7377
56722	5.1911
72176	26.5626
38	2097.4922
35863	210.8194
54800	9.1695
44112	5.8059
13467	23958.6235
14688	933.6118
72592	2.0092
57062	7.1639
35814	16598.1553
14379	1935.1119
10175	2.4245
44645	5.2529
84291	65.0624
47590	3.7601
73456	87.2345
10185	4.2067
118	0.3076
84315	9.0095
25429	2179.3203
17302	1151.1229
73261	138.2751
15650	4179.5833
22890	10629.3404
95629	16.6765
73885	63.6352
28215	198.9938
44474	8.3516
73869	21.6064
10192	3.9563
43974	4.6623
27435	35472.5859
45450	3.5790
34	202.0680
33489	199.4901
10168	3.0861
54923	2.3130
84230	132.0624
84519	71.1706
26823	1488.8356
82592	157.3506
14523	1763.5861
24479	1062.3919
71881	15.7984
83230	39.9303
57989	19.0396
96107	1.8898
36764	196.9346
14648	1670.5276
14166	421.7949
14282	577.7148
73237	47.1603
25128	3102.8343
10138	2.1598
3557	1.0000
34744	654.4170
57459	7.2143
55948	4.0375
75374	77.9862
15410	2175.3658
77174	13.1728
43416	3.7031
75293	45.2652
70461	46.0776
96104	226.5119
82314	25.6202
55571	2.1696
46061	7.5440
45099	3.0236
46753	3.8040
43340	10.9626
75578	178.2104
44658	1.3949
35	10176.7794
28174	600.2808
27149	3204.4321
71264	37.6854
83071	48.5776
68918	92.4199
79714	2.4000
14695	83.5616
14097	2371.7399
82342	35.8603
24653	2253.6808
25154	1050.9810
84756	87.5659
102	0.5885
77	0.0268
13626	595.5824
73403	47.1734
25430	476.1111
24547	1337.7958
24721	1353.6768
74213	33.6622
15839	2760.9471
9214	1.0000
21	32.1790
96060	94.1027
26692	3276.7955
47802	2.1831
77359	72.0780
15492	4704.0587
41553	2.5833
44109	1.4087
44403	1.8289
62470	1.6204
71372	11.1087
56	1.1111
72368	23.6028
74659	6.8333
44394	7.8333
51878	6.4586
17582	1091.0314
72354	15.1548
25206	309.5793
55229	2.4243
37982	31122.5665
3556	1.0000
82858	19.2418
24054	4113.7063
84763	283.4793
2423	1.0000
43405	2.8307
58050	12.8704
72194	47.2229
79811	52.5176
25412	1431.3882
90393	5.8817
96076	257.4946
96094	7710.0339
28177	685.1628
84773	427.9319
96050	6318.5728
50814	3.7004
72655	4.6182
26247	5522.8922
4396	1.0000
14160	435.1422
43417	1.8992
14687	472.4066
27145	6609.9560
28	18536.3056
54439	3.3192
75731	68.4899
83385	40.7578
33895	91419.6727
74098	11.1481
27	27.7509
26	84.4017
82436	32.6088
73194	53.0766
10228	4.5541
8329	1.0000
24792	3120.0211
54671	4.9656
85072	1554.6789
22	85.5227
72093	753.8076
33629	17226.3317
26281	535.6190
96100	114.1335
54502	2.3563
61294	8.4825
58051	7.0797
72585	26.2076
13469	752.5810
80564	27.1348
24576	1069.1209
47440	4.1465
14152	831.3945
14522	361.2528
14524	228.4066
83188	42.5579
60000	6.0243
73950	9.1728
10963	35247.4537
85073	682.9194
27063	3178.0361
96089	4.3113
85975	2.9323
36762	2041.6115
15038	7098.3249
15314	754.9259
10897	9838.9522
28192	23.7428
24909	1471.8630
77007	19.1073
15	29.8714
26833	8413.5765
74891	17.6250
15338	9464.9127
16849	1180.0022
74796	32.0641
16018	2158.7221
96102	6763.4535
96112	2409.3185
43627	3.0108
96073	13.4112
33492	47.2639
10225	2.3086
37	363.5936
17445	3574.2728
73982	11.7579
10163	1.8514
10200	2.4929
37985	22515.3969
72995	145.2042
86953	13.6176
286	1.0000
28197	302.7191
10213	2.5272
11341	4452.7398
72626	20.3772
46829	3.0236
16441	2923.5793
130	0.1904
15344	263.7115
85165	145.8419
44738	4.2817
30195	18711.4511
16639	28025.3638
92306	3.0093
44468	6.0097
13462	115.4198
11034	53558.4988
26310	710.0829
27213	18963.4438
81282	12.4556
92880	123.9810
96075	4.2705
33496	258.9452
84914	4.2620
72045	9.0564
71495	23.4547
96056	48.0439
22651	22444.9551
85223	43.3566
57138	20.5822
46948	1.4085
70	0.4058
73563	63.6368
68082	4.9250
57097	4.9488
75481	32.0553
52606	6.6668
36479	30618.1436
74060	17.9074
13385	20545.1473
96090	4100.8361
71561	21.1552
72043	3.3255
44257	6.3801
26245	1235.8587
27100	4488.5016
21901	14382.5469
79372	21.5649
13402	233.1302
14301	2265.4143
17037	27989.1983
84655	382.5726
68985	112.1198
10158	2.3059
26246	50679.6971
44115	22.6854
85968	24.9136
72328	47.8690
96054	2573.7036
73049	108.4261
31233	1658.0793
47374	1.7728
14016	580.4925
27434	40342.3479
85941	8.3276
44483	6.0142
82815	27.5008
10217	2.4621
17048	2851.2110
45185	2.9693
83456	35.1818
14707	377.8250
9382	1.0000
26980	53.8226
10218	2.1781
96049	4.7763
55140	1.7889
39205	550.7567
65	0.0267
96098	56107.5888
40799	3.3083
84177	678.1594
43350	4.3977
28122	2240.7978
43757	1.5835
10169	3.4855
25205	876.2906
79536	16.8200
22378	1935.5263
34770	1257.0088
10149	2.8353
26212	2676.8584
51879	5.1038
53136	4.3875
96091	1.6703
33490	44.7917
25278	1700.8779
281	1.0000
32757	77706.0931
43359	7.1736
14514	24413.5727
62458	1.5291
15538	2829.1231
82966	32.4095
83769	72.0656
84654	93.5643
26936	2293.9916
34650	5619.9250
83702	104.0589
76	0.1048
96072	2173.9401
72422	27.2845
54424	3.5298
82572	51.7172
77241	6.1667
15549	13433.1421
190	1.0000
17101	710.8954
55835	4.5312
46605	8.6608
47067	3.5110
15061	23384.3507
25780	1537.4930
80544	34.4060
18365	61642.7556
79814	118.7235
6	0.7380
86	0.3785
96082	2102.0024
90405	17.5584
14150	111.4481
88249	24.4602
22283	47727.3447
33518	160.0152
72463	162.6028
73447	12.2380
90400	7.9613
15230	16807.9563
45139	2.9939
10190	1.9397
23862	2623.8571
44323	3.6889
17624	2069.0457
33498	296.4182
55266	3.1391
17475	3523.0590
40421	4.8619
15511	28580.6907
14135	139.1310
96066	6665.3448
55466	2.8028
74656	38.7286
23	29.7193
56357	4.3972
56839	7.9528
27280	2123.0903
17580	2080.5954
82397	29.7776
47644	7.6180
46654	6.3184
63	0.3070
43758	1.3542
83816	24.3928
49639	3.3116
41436	6.7597
36543	8903.3241
17015	1272.2481
80555	55.8666
27276	1081.8780
113	0.4689
10174	2.9412
10233	3.1134
24379	1446.3906
43407	4.8763
33708	742.8821
45282	5.3786
71931	27.2625
73877	28.6834
59948	1.8405
44482	2.1831
45522	5.4575
17351	773.1722
44242	2.7297
20152	35089.0537
16514	753.8125
25136	5587.1052
10198	2.0625
25116	1596.5055
25225	1171.0000
91943	67.9529
29648	1625.9206
33521	344.7947
85971	123.1452
85031	84.7661
15564	11631.3475
96053	4.0774
24987	2905.0861
14529	804.3023
83606	47.5717
43909	3.3995
37944	68.8223
14157	194.6257
47712	2.5757
28108	355.7515
96092	42.4608
85922	3.2472
54896	3.9464
16544	5550.8876
73788	34.4675
83472	44.2827
91187	146.3039
30120	1639.0087
53974	5.8679
103	0.4126
72336	9.5202
26385	238.8747
13547	578.6437
29100	16054.9960
28126	117.1346
45546	6.3707
22692	55935.3714
47716	2.9729
54312	2.9000
19666	10411.4406
13406	572.5135
26230	2304.9295
73195	9.0152
73865	3.6052
73543	31.4063
10216	3.8882
15482	8336.9965
17506	1973.8122
71733	14.6575
33505	48.6398
85977	7.6738
55008	2.6911
47213	3.5377
74911	39.6176
75045	60.9333
25476	1558.1079
19101	23957.3218
44655	1.9686
96058	33807.0695
25097	1240.7637
56296	4.7788
56663	1.2222
30558	63901.5858
2418	1.0000
33495	40.1997
72402	40.7386
44959	6.2242
25859	2121.8854
72027	5.0833
82370	40.4952
40988	1.8526
72054	68.6255
43357	18.1627
24726	1301.6659
9	8.0527
17	391.9216
73379	73.1568
82589	32.6043
79738	35.5389
83567	11.7683
83124	40.0910
77041	18.8545
84180	51.3781
173	1.0000
56227	2.9936
10837	39397.6458
80806	21.0454
12838	5468.7000
2929	1.0000
48923	3.2500
33499	2561.7964
96057	6.5319
15001	29473.1151
15406	59827.3416
29099	9496.5208
84	0.3696
96071	13.0844
16783	4024.7346
13561	19005.8425
10895	11159.7078
13394	680.0571
83200	69.8565
25481	484.2416
15489	5088.5587
25	40.1250
43420	4.2010
71907	27.1329
68670	62.2168
37981	13933.9917
71339	17.5469
83703	40.6543
96064	75.6284
76264	84.9403
66795	2.1183
20327	12435.0288
39976	57332.5611
47544	2.2624
85412	40.2659
79103	26.8827
1547	1.0000
33	9085.5657
45447	6.2321
83017	31.7421
83882	86.1627
13912	977.6791
27052	3917.2303
2121	1.0000
123	0.2772
10222	2.0672
73123	24.2056
83036	41.1026
80621	50.3420
14762	1786.5253
21628	5942.0303
72059	8.9658
33520	83.5023
99	0.3803
30	23.1661
54323	4.6174
54658	9.4249
71357	88.2067
10219	2.6109
82645	32.7265
34728	657.8660
26818	5014.1632
74753	21.7804
68312	73.4458
11807	2914.1469
10189	2.3664
104	0.4011
16991	1213.9141
27486	11592.0168
2140	1.0000
96095	2.0519
28184	79.7407
75075	33.0294
24863	1209.5658
14015	1532.6533
57430	6.4572
16648	14172.0954
83090	43.1716
14437	2378.5127
10195	2.6491
44441	3.0390
46722	5.3215
673	1.0000
45440	5.4252
25022	1804.1346
80556	25.2406
37334	1654.0512
15531	3746.5645
91833	238.8704
62459	2.1326
56635	7.7269
55500	1.9718
53465	2.4290
62471	5.9276
85985	13.6442
25288	1246.3077
122	0.3775
12321	9023.8404
70203	49.9424
27487	17066.7518
24814	13307.6578
15330	18486.5925
43330	4.3068
85364	54.4276
83682	26.3035
5791	1.0000
73335	31.0780
13403	585.7552
13670	646.3055
80554	35.5899
82490	23.9242
27267	4087.9305
96106	3058.6544
71292	8.6697
96103	3.1338
52622	5.4605
15464	24371.3517
24397	313.3083
10769	1229.8773
25957	3028.0676
57429	6.5762
29067	1781.4105
43583	1.9463
83405	21.6340
34475	26955.2086
68958	202.6949
33509	154.4072
33519	211.7515
72966	50.7407
10904	101071.5996
10202	2.3569
25401	703.3000
25202	592.2640
34480	41313.1963
36310	24662.1667
121	0.3059
33502	204.3727
62	0.3744
125	0.3650
21900	21974.8091
10193	2.4518
10214	4.5720
80588	71.7194
52694	6.4265
24449	1521.6309
68888	176.4968
26815	5893.0708
72953	45.7210
678	1.0000
85983	78.7280
72420	22.9268
73316	41.5088
10231	2.7080
10188	2.1975
24424	1089.8960
75573	41.0576
23918	24417.6964
49018	4.6194
13464	7131.9190
43423	7.9276
45935	2.8995
26351	398.6434
15424	4571.4812
37945	36.0563
28195	2630.2974
33321	2717.5832
15303	9277.1963
5859	1.0000
15312	25240.5082
14699	35.0888
9503	1.0000
16755	2035.2596
22642	24156.3075
24418	1532.4819
17211	346.5000
46126	2.8324
10180	4.4083
73480	62.5279
85171	46.9039
72675	19.2450
31209	690.1194
101	0.3000
44470	2.6045
57479	3.9661
55264	5.3232
44448	2.8839
75563	39.6322
16475	5140.7876
68719	54.7373
71507	25.8133
72869	67.9431
47115	2.9088
85082	79.5009
3283	1.0000
10161	1.8735
44405	1.6964
25808	1214.7758
27232	1630.0262
4102	1.0000
15304	433.9120
14508	964.1011
13375	1181.5185
966	1.0000
39101	140.6181
72094	46.8413
26241	1540.2345
28221	11.3491
71805	7.0171
57478	3.8946
83400	48.5819
57228	1.1500
69224	34.1742
61	0.0235
22641	13949.2309
74679	16.2709
72580	23.7001
10194	4.4957
96063	1.1629
84417	64.4889
55882	2.5831
34478	48730.1945
13454	379.5903
57269	5.0434
2067	1.0000
28116	8601.9059
72588	50.7218
80569	24.9714
58041	1.9900
54300	2.6345
46953	3.0164
16090	1374.0306
44120	7.9518
35738	4041.7245
60704	7.0741
14446	455.4866
15181	14584.7955
16321	1032.5949
72332	15.2547
22627	25058.6260
47221	4.0670
17288	1748.0222
2123	1.0000
27465	87.7920
15487	40537.4979
45445	7.6384
21617	9351.9953
2460	1.0000
13437	692.0581
24316	1145.8333
71284	22.1524
57146	8.6267
71	0.4051
68	0.2945
28123	38.7260
10182	3.8650
106	0.2737
79030	9.4000
73236	10.1317
14161	1157.8703
96077	6.0962
25587	2038.5047
28583	27004.3429
10204	2.4590
46977	2.4384
55156	2.5222
43519	9.5475
7782	1.0000
1612	1.0000
15346	12573.0638
13798	375.0169
25203	1254.4161
31	3.8190
16791	2462.7220
25150	1137.9571
20398	5371.3846
95701	20.4020
83684	6.0000
62466	2.2549
91	0.1692
24915	612.5018
16695	10524.7462
73326	9.8167
10227	2.9053
23234	4456.3630
55190	4.1422
14445	332.0241
46607	6.3875
15587	35118.9718
75524	52.5516
45920	8.2907
14195	1006.0208
44369	4.1425
17276	1260.6667
96105	5.2070
58049	11.5708
28110	1326.0483
72579	53.3906
21899	30927.0387
15113	5591.0979
26407	2374.1601
692	1.0000
90389	1.3043
92	0.0116
71251	23.9382
96096	186.6188
96109	21.2649
84316	9.2215
36241	21313.1438
83470	121.4283
84795	65.4151
40222	2.6158
25410	1177.6000
75285	46.8042
14788	241.5294
69234	37.7341
17254	1516.5581
84656	101.9422
43871	3.0547
25846	1652.4656
13482	1152.6620
46747	2.8635
81070	37.6250
37949	164.0333
82358	9.6035
25266	1938.5681
14159	306.3637
17579	2715.7765
54380	2.1586
27292	1354.7387
52872	3.5330
96020	86.8871
97	0.0149
25333	547.5586
30502	144.5748
75591	82.6024
24793	898.4093
13999	8718.2390
13799	63.8198
52661	5.5983
55894	1.7429
29	22.6127
74532	163.3277
83512	42.7510
71691	4.7972
27138	7383.1166
58067	2.1415
25215	356.2581
32	116.7494
24673	5305.0450
60	0.3294
90	0.0588
44486	3.4472
75155	169.0172
45115	7.5003
10164	2.2412
71341	37.2247
57139	15.8703
71294	15.7585
24566	1284.8930
10413	15443.9931
10148	2.5202
84520	25.0324
26489	2387.3670
31975	1297.4911
71547	20.6364
45302	4.0340
96069	22.8765
58007	3.5580
21043	1759.3542
10156	6.9946
45269	4.4676
11100	62456.6975
15888	774.7063
79756	42.9581
24157	4448.0920
44653	1.5348
72053	6.3048
82465	38.6484
35713	27619.7173
25639	1208.6519
85	0.2408
96110	118155.8720
17039	1829.7446
45633	7.4864
52638	5.1021
32893	33913.5107
10177	1.5468
15370	12696.3871
79812	39.6811
14608	435.5234
14977	17398.5030
32678	378.2833
72659	17.1354
72191	68.2369
83336	45.0068
14407	457.8809
47	12.1970
24894	1430.4556
14163	20.5446
80542	17.8709
14156	24995.6586
58034	6.5737
44488	3.6777
28198	1850.3713
20	0.5310
24670	992.7904
10211	3.2753
30938	743.4401
27743	130287.7273
6711	1.0000
15241	2262.3520
78068	16.3958
13449	735.2452
82830	30.5713
10197	2.3411
82271	27.0833
41039	3.5000
91467	31.9931
56978	2.9763
28107	878.9868
36152	29143.4087
54936	2.8086
12992	9805.9364
79406	22.4537
49604	3.6071
88	0.0171
96059	1.3304
33514	43.7653
26268	1296.4468
82857	49.4922
14780	4613.6336
35858	8.4506
10212	3.1537
34507	39109.4334
96065	3.9736
498	1.0000
25327	1302.5943
5778	1.0000
33630	19974.4276
16986	218.8033
44233	2.4522
71249	2.9504
10154	2.9204
15674	56307.2670
73203	44.3038
25415	1101.0728
13881	1623.2694
40766	8.6875
44529	11.9261
96097	9.8435
44479	3.6305
15434	1043.9977
10150	2.8778
10224	2.6250
74483	69.4288
45846	3.2388
83057	357.5899
33515	528.0479
71361	83.9123
71293	11.4608
43315	1.5786
15168	14232.1496
14441	535.3159
37937	176.6300
72382	35.9362
6507	1.0000
96074	74665.2828
85912	6.1827
26843	14637.7737
44261	4.7530
71517	14.8486
56242	2.6366
84336	63.2001
11337	413.0980
8670	1.0000
28840	2285.4167
85071	106.0774
69327	105.5077
23587	24217.2799
25187	928.8667
49073	5.8217
28182	114.3609
66	0.3966
17073	2127.3048
3176	1.0000
47240	2.5714
96111	3.8997
25628	1291.6955
52533	5.8333
83221	59.7550
51594	4.8471
80587	88.7017
25904	4591.0709
21603	18148.2429
45019	5.0056
73297	85.0894
23252	17944.4983
13988	1464.7542
84141	20.7636
56382	3.7735
73854	420.0024
22643	20733.7748
11113	4111.0449
21659	12533.0645
15896	2332.3679
96070	71825.9429
45843	3.9698
44260	5.4776
75049	51.6383
16597	402.7719
14273	1834.8465
54957	1.8907
19601	2333.6875
25208	930.4411
27324	2453.0492
43975	3.9415
120	0.3475
57236	4.2452
55085	1.5188
85203	141.5664
70893	28.7208
43341	4.6943
117	0.1341
64	0.1292
96101	9.3821
26981	1129.0165
47141	2.6009
82721	42.2172
25425	703.3791
54653	3.6252
24516	2704.4820
19184	10309.7778
92570	23.2500
43517	8.3488
85923	327.3744
14348	1067.7221
24433	1816.6289
36104	26245.0652
30798	23838.9007
54881	2.9675
73424	35.6735
38283	22511.8078
11127	3903.8646
7618	1.0000
43360	3.5583
24937	2269.0015
38798	5523.4634
74970	16.7436
44118	1.7039
10132	2.3925
10405	953.9534
80543	30.2968
91183	132.7814
15880	285.7485
45303	7.0189
25299	1504.4103
24	0.5344
54531	3.0968
72687	22.3141
19834	17772.9545
83313	23.7458
35086	1316.7496
96088	153.9099
74960	20.9782
29363	719.3810
6815	1.0000
13570	413.2667
5567	1.0000
46048	2.2500
10157	3.8350
10203	2.1912
27983	12134.5080
83349	27.2314
14795	3297.6510
45506	5.9460
93292	116.3803
54364	2.2352
19147	3723.7143
13404	663.5770
83922	221.4899
24390	711.8929
14769	495.6942
74650	21.5697
62560	6.2737
25053	692.1327
17678	8922.3896
27140	39401.5269
14525	7852.2930
96114	43388.6003
74588	61.9827
72050	23.5295
73440	95.5453
53218	2.7808
73374	116.7117
84912	4.9825
56381	2.7838
46281	3.8838
10140	2.5294
47652	2.6198
28112	29.1995
71275	7.2295
96	0.0506
26384	450.0481
84569	244.7320
27146	15267.9878
10207	2.6444
56689	6.0903
74887	9.0480
82484	20.4948
10171	2.8954
15325	24431.7452
63252	6.5519
58037	12.3940
11153	2519.9184
10205	2.6271
16646	14272.9328
13340	1551.6918
55420	2.2500
27141	6197.3862
24517	861.5784
14806	1822.6236
44597	2.7094
10939	82304.3154
26724	15460.5666
84891	76.5822
44125	5.0546
71451	166.7272
44646	6.1570
74539	92.1888
10159	2.2221
37947	60.4097
21802	16975.1064
17684	485.9435
88140	35.8529
27262	2616.8343
96093	6.8902
25474	964.6075
82336	74.6970
25705	337.5667
85393	21.6569
11080	29629.6857
15103	7388.8222
