3	设备信息	手机的具体型号	2
[12.0,0.014334862385321102]
[2.0,0.013422818791946308]
[17.0,0.009300265721877768]
[11.0,0.009070294784580499]
[16.0,0.008239297868529465]
[4.0,0.0]
[5.0,0.0]

4	设备信息	手机的大型号	2
[8.0,0.08333333333333333]
[12.0,0.047619047619047616]
[3.0,0.024096385542168676]
[5.0,0.022874008485519275]
[2.0,0.02197802197802198]
[18.0,0.018369320012890752]
[4.0,0.011235955056179775]
[10.0,0.00834386852085967]
[7.0,0.007692307692307693]
[6.0,0.005412719891745603]
[13.0,0.005291005291005291]
[1.0,0.0]

18	IP_GPS	省份	2
[29.0,0.04]
[30.0,0.023026315789473683]
[26.0,0.021052631578947368]
[18.0,0.020918367346938777]
[5.0,0.020606060606060607]
[17.0,0.01866475233309404]
[23.0,0.018213058419243987]
[8.0,0.016260162601626018]
[6.0,0.015491866769945779]
[25.0,0.01468189233278956]
[28.0,0.014285714285714285]
[3.0,0.01397712833545108]
[4.0,0.01350621285791464]
[27.0,0.01282051282051282]
[9.0,0.012658227848101266]
[20.0,0.012385137834598482]
[19.0,0.012128601681319387]
[24.0,0.011895321173671689]
[14.0,0.011470281543274244]
[1.0,0.011416339636104174]
[31.0,0.01019108280254777]
[15.0,0.010039040713887339]
[10.0,0.009908735332464147]
[22.0,0.009813542688910697]
[21.0,0.009765625]
[13.0,0.008697944122298365]
[16.0,0.008420009905894007]
[12.0,0.008347245409015025]
[11.0,0.007754249925439905]
[7.0,0.0054249547920434]
[2.0,0.00539568345323741]

19	IP_GPS	城市	2
[160.0,0.3333333333333333]
[55.0,0.1]
[135.0,0.08333333333333333]
[233.0,0.0625]
[318.0,0.0625]
[268.0,0.058823529411764705]
[209.0,0.058823529411764705]
[168.0,0.05555555555555555]
[323.0,0.05555555555555555]
[25.0,0.05405405405405406]
[1.0,0.05]
[69.0,0.05]
[165.0,0.04878048780487805]
[19.0,0.04597701149425287]
[46.0,0.043478260869565216]
[76.0,0.0425531914893617]
[162.0,0.041666666666666664]
[184.0,0.041666666666666664]
[200.0,0.041666666666666664]
[85.0,0.04081632653061224]
[93.0,0.04]
[152.0,0.039473684210526314]
[255.0,0.0392156862745098]
[264.0,0.038461538461538464]
[230.0,0.03636363636363636]
[298.0,0.03571428571428571]
[261.0,0.034482758620689655]
[82.0,0.034013605442176874]
[11.0,0.03361344537815126]
[38.0,0.03333333333333333]
[137.0,0.03296703296703297]
[47.0,0.03225806451612903]
[34.0,0.032]
[125.0,0.030303030303030304]
[222.0,0.030303030303030304]
[13.0,0.03]
[52.0,0.029411764705882353]
[220.0,0.029411764705882353]
[322.0,0.02857142857142857]
[128.0,0.02857142857142857]
[228.0,0.02830188679245283]
[112.0,0.027522935779816515]
[58.0,0.02727272727272727]
[338.0,0.02717391304347826]
[237.0,0.027149321266968326]
[178.0,0.02702702702702703]
[186.0,0.02702702702702703]
[23.0,0.02631578947368421]
[208.0,0.02631578947368421]
[337.0,0.02631578947368421]
[286.0,0.025210084033613446]
[193.0,0.025]
[106.0,0.024390243902439025]
[229.0,0.023809523809523808]
[336.0,0.02332657200811359]
[20.0,0.023255813953488372]
[68.0,0.023255813953488372]
[275.0,0.022988505747126436]
[242.0,0.022222222222222223]
[188.0,0.022222222222222223]
[312.0,0.022222222222222223]
[17.0,0.022123893805309734]
[33.0,0.021791767554479417]
[331.0,0.021739130434782608]
[212.0,0.02142857142857143]
[161.0,0.02127659574468085]
[238.0,0.02127659574468085]
[124.0,0.020833333333333332]
[153.0,0.020833333333333332]
[64.0,0.020761245674740483]
[300.0,0.020618556701030927]
[104.0,0.02040816326530612]
[266.0,0.02040816326530612]
[317.0,0.02027027027027027]
[98.0,0.02]
[174.0,0.019230769230769232]
[263.0,0.018867924528301886]
[111.0,0.018867924528301886]
[63.0,0.018518518518518517]
[126.0,0.0182648401826484]
[253.0,0.017857142857142856]
[241.0,0.017741935483870968]
[36.0,0.017461383478844864]
[48.0,0.017302798982188294]
[320.0,0.017241379310344827]
[147.0,0.017241379310344827]
[265.0,0.017045454545454544]
[288.0,0.016968325791855202]
[282.0,0.01639344262295082]
[326.0,0.016339869281045753]
[31.0,0.015873015873015872]
[333.0,0.015873015873015872]
[7.0,0.015810276679841896]
[285.0,0.01570048309178744]
[236.0,0.015625]
[254.0,0.01557632398753894]
[243.0,0.015384615384615385]
[134.0,0.015105740181268883]
[329.0,0.015]
[189.0,0.014953271028037384]
[291.0,0.014925373134328358]
[311.0,0.014925373134328358]
[325.0,0.014925373134328358]
[39.0,0.014553014553014554]
[308.0,0.014492753623188406]
[70.0,0.014285714285714285]
[102.0,0.014285714285714285]
[305.0,0.014285714285714285]
[122.0,0.014084507042253521]
[79.0,0.0136986301369863]
[74.0,0.013636363636363636]
[203.0,0.013574660633484163]
[43.0,0.013513513513513514]
[107.0,0.013422818791946308]
[197.0,0.013317191283292978]
[136.0,0.013205282112845138]
[132.0,0.013157894736842105]
[37.0,0.013114754098360656]
[225.0,0.013114754098360656]
[294.0,0.013097072419106317]
[330.0,0.012987012987012988]
[281.0,0.012658227848101266]
[340.0,0.012658227848101266]
[75.0,0.012605042016806723]
[297.0,0.012509773260359656]
[179.0,0.012422360248447204]
[214.0,0.012413793103448275]
[216.0,0.012345679012345678]
[271.0,0.012048192771084338]
[315.0,0.012048192771084338]
[250.0,0.011764705882352941]
[3.0,0.011764705882352941]
[95.0,0.011627906976744186]
[97.0,0.011332158146562578]
[278.0,0.011314186248912098]
[86.0,0.011235955056179775]
[29.0,0.011103400416377515]
[218.0,0.01107011070110701]
[316.0,0.010752688172043012]
[80.0,0.010752688172043012]
[8.0,0.010700389105058366]
[78.0,0.010645375914836993]
[172.0,0.010638297872340425]
[259.0,0.010638297872340425]
[62.0,0.010570824524312896]
[142.0,0.010526315789473684]
[144.0,0.010471204188481676]
[194.0,0.010416666666666666]
[207.0,0.010351966873706004]
[42.0,0.01020408163265306]
[334.0,0.010101010101010102]
[105.0,0.009881422924901186]
[10.0,0.009708737864077669]
[239.0,0.00964630225080386]
[187.0,0.009615384615384616]
[158.0,0.009580838323353293]
[280.0,0.009433962264150943]
[4.0,0.009345794392523364]
[129.0,0.009345794392523364]
[22.0,0.009216589861751152]
[302.0,0.009195402298850575]
[56.0,0.009146341463414634]
[257.0,0.00909090909090909]
[339.0,0.009070294784580499]
[227.0,0.008918617614269788]
[192.0,0.008849557522123894]
[244.0,0.00881057268722467]
[273.0,0.008695652173913044]
[256.0,0.008595988538681949]
[217.0,0.008492569002123142]
[89.0,0.008298755186721992]
[143.0,0.008]
[100.0,0.008]
[277.0,0.007874015748031496]
[54.0,0.007633587786259542]
[16.0,0.007575757575757576]
[299.0,0.007575757575757576]
[150.0,0.007434944237918215]
[139.0,0.0072992700729927005]
[94.0,0.007263922518159807]
[44.0,0.007246376811594203]
[109.0,0.007246376811594203]
[61.0,0.00641025641025641]
[248.0,0.00641025641025641]
[292.0,0.006369426751592357]
[84.0,0.006329113924050633]
[146.0,0.006289308176100629]
[26.0,0.006276150627615063]
[157.0,0.005813953488372093]
[219.0,0.005780346820809248]
[205.0,0.005649717514124294]
[231.0,0.005649717514124294]
[90.0,0.005434782608695652]
[140.0,0.005291005291005291]
[289.0,0.005263157894736842]
[234.0,0.004918032786885246]
[117.0,0.004484304932735426]
[83.0,0.004329004329004329]
[87.0,0.004081632653061225]
[258.0,0.0038461538461538464]
[67.0,0.0038022813688212928]
[251.0,0.0023094688221709007]
[32.0,0.0011467889908256881]