17617,192
44264,191
95947,169
43228,145
43230,145
54528,143
95930,141
27977,139
33359,128
55060,113
62329,112
95929,111
95945,102
13271,99
95946,96
57904,91
32764,90
10004,89
27613,89
47514,89
15276,88
95942,88
17548,87
27992,82
57877,82
43982,80
82462,79
95924,79
95949,78
85793,77
95931,77
55408,75
71162,75
95932,74
57329,72
15357,71
43990,71
57920,68
27980,66
84943,66
26293,65
85853,65
57009,64
85263,64
95950,64
14307,62
28016,62
57934,62
95934,62
15960,61
71929,61
10081,59
24543,59
56251,59
71145,59
72198,59
44514,57
55136,57
57911,57
73107,57
25169,56
95927,56
10064,55
14384,55
43229,55
43275,55
85838,55
75448,54
9084,54
27978,53
71161,52
95925,52
56252,51
57349,51
24764,50
33369,50
5729,50
15216,49
25351,49
55026,49
10062,48
31976,48
26713,47
95944,47
13255,46
71916,46
83091,46
95943,46
15173,45
27010,45
28047,45
54234,45
54751,45
56709,45
85811,45
55392,44
72278,44
85854,44
44528,43
45315,43
71164,43
84161,43
84643,43
27986,42
28065,42
64242,42
85855,42
95951,42
24417,41
57858,41
57921,41
95923,41
43989,40
72287,40
74549,40
75516,40
43220,39
43985,39
43995,39
44338,39
45130,39
57913,39
71924,39
95935,39
10020,38
43211,38
44352,38
55341,38
95921,38
62341,37
71163,37
72448,37
85841,37
90263,37
95948,37
28044,36
43210,36
46823,36
54401,36
54670,36
56227,36
73064,36
14026,35
45172,35
72272,35
10044,34
15832,34
25148,34
55752,34
57907,34
57919,34
71919,34
10006,33
14036,33
24892,33
26254,33
28013,33
44399,33
47582,33
56848,33
82685,33
84186,33
27009,32
28085,32
3427,32
44353,32
71144,32
73251,32
95933,32
10056,31
43290,31
73167,31
76134,31
95926,31
95928,31
14031,30
26594,30
32763,30
44272,30
82994,30
83326,30
95941,30
59818,29
61164,29
95938,29
10061,28
14558,28
15215,28
33391,28
33578,28
44515,28
54878,28
84942,28
21770,27
44344,27
56967,27
63123,27
15457,26
45173,26
45233,26
71154,26
84185,26
13264,25
13272,25
16661,25
18232,25
43387,25
44318,25
44516,25
48200,25
56932,25
57859,25
74458,25
79682,25
83070,25
10013,24
10077,24
15195,24
33343,24
43227,24
47460,24
95940,24
10075,23
45262,23
54170,23
57008,23
71224,23
71923,23
72450,23
72462,23
84526,23
85845,23
92176,23
95936,23
13274,22
16653,22
37855,22
43979,22
45790,22
47310,22
57299,22
57848,22
66665,22
71227,22
84782,22
10051,21
10082,21
10097,21
14440,21
25344,21
25498,21
54309,21
72458,21
74085,21
82335,21
89098,21
11677,20
17256,20
24388,20
24916,20
25039,20
26116,20
4266,20
46623,20
71209,20
72449,20
73249,20
90275,20
95939,20
10028,19
10050,19
10065,19
10085,19
14023,19
156,19
21672,19
43627,19
45392,19
45416,19
46818,19
47110,19
54250,19
71321,19
72206,19
7813,19
82812,19
84901,19
10029,18
10059,18
13540,18
24596,18
26969,18
27357,18
41423,18
44356,18
45310,18
51748,18
5437,18
71920,18
73724,18
74557,18
74761,18
7652,18
82363,18
83255,18
85041,18
85234,18
95922,18
10084,17
27304,17
34348,17
43293,17
43981,17
44608,17
46872,17
55124,17
74777,17
80424,17
83342,17
85073,17
10026,16
10086,16
14378,16
151,16
16565,16
24249,16
24986,16
25073,16
43986,16
44130,16
45713,16
54766,16
57159,16
72110,16
82354,16
82449,16
90364,16
10038,15
10072,15
10095,15
14393,15
15182,15
16191,15
17494,15
27356,15
34377,15
35733,15
36349,15
43185,15
43287,15
43308,15
44523,15
45317,15
45918,15
45996,15
46617,15
52531,15
52543,15
54953,15
63369,15
71119,15
72333,15
73106,15
80940,15
82442,15
95919,15
14556,14
26255,14
28067,14
36632,14
37809,14
40636,14
43497,14
54793,14
55007,14
55157,14
55818,14
57107,14
58668,14
6377,14
75394,14
79583,14
83686,14
85792,14
90259,14
10009,13
13334,13
14022,13
14030,13
14358,13
15359,13
15855,13
1991,13
25136,13
27335,13
3153,13
3426,13
35705,13
38496,13
44268,13
44889,13
49762,13
54372,13
5718,13
60185,13
6685,13
73350,13
73852,13
82168,13
84954,13
9219,13
94756,13
10039,12
10080,12
13273,12
1417,12
14847,12
15304,12
15750,12
16516,12
19536,12
27157,12
29246,12
3046,12
358,12
37807,12
3933,12
40222,12
45059,12
45070,12
54287,12
59870,12
67956,12
82221,12
84525,12
8540,12
85868,12
9252,12
10016,11
10052,11
10076,11
10088,11
13319,11
13431,11
15240,11
17705,11
22562,11
28970,11
33360,11
33372,11
33379,11
34614,11
37819,11
40854,11
42829,11
44239,11
44267,11
45339,11
45359,11
54827,11
56097,11
56540,11
57139,11
68788,11
72202,11
72290,11
74409,11
75606,11
82104,11
83275,11
84439,11
84493,11
10018,10
10031,10
10032,10
10033,10
10034,10
10089,10
14351,10
15766,10
15971,10
16856,10
16861,10
17204,10
20022,10
22760,10
24998,10
25827,10
26115,10
2695,10
27305,10
33191,10
33390,10
37852,10
40716,10
46151,10
46475,10
49537,10
514,10
52490,10
54515,10
55334,10
56592,10
56850,10
6462,10
6536,10
6567,10
66068,10
71915,10
72064,10
72283,10
72286,10
74781,10
80425,10
8273,10
83652,10
83752,10
84665,10
84784,10
84866,10
85035,10
85283,10
10001,9
10002,9
10036,9
10055,9
10068,9
10083,9
10101,9
11358,9
13337,9
14152,9
1424,9
14399,9
14557,9
1482,9
17081,9
17345,9
19017,9
19471,9
25965,9
27016,9
27137,9
34393,9
35268,9
37817,9
44524,9
45139,9
52403,9
52742,9
54426,9
54508,9
57016,9
62336,9
67952,9
69000,9
71777,9
72252,9
72739,9
73647,9
73755,9
74504,9
74526,9
82270,9
83058,9
91337,9
95937,9
10015,8
10019,8
10021,8
10063,8
11207,8
13433,8
13869,8
14027,8
15363,8
1555,8
15755,8
19054,8
19704,8
22358,8
22511,8
24185,8
24303,8
24324,8
24349,8
25020,8
26229,8
26562,8
30668,8
32346,8
33127,8
34345,8
39846,8
40901,8
43845,8
45414,8
46586,8
46699,8
46870,8
47672,8
49110,8
49995,8
52131,8
54297,8
54541,8
55290,8
56112,8
56113,8
56559,8
57106,8
57300,8
6581,8
71220,8
72370,8
72459,8
72760,8
72876,8
73244,8
73735,8
74402,8
75244,8
79398,8
82141,8
82727,8
83268,8
83639,8
836,8
84287,8
87752,8
88119,8
10003,7
10010,7
10017,7
10067,7
10070,7
10087,7
10094,7
10096,7
11480,7
14171,7
14665,7
1493,7
16384,7
16448,7
16631,7
16885,7
17221,7
17452,7
22513,7
24807,7
25402,7
26703,7
27150,7
27194,7
30469,7
3154,7
3428,7
42424,7
43347,7
43844,7
44273,7
44311,7
44803,7
45155,7
46468,7
47122,7
47137,7
49177,7
49443,7
51464,7
54478,7
54806,7
54902,7
56533,7
68182,7
71323,7
72173,7
72457,7
72850,7
72865,7
73073,7
73317,7
73326,7
74238,7
76922,7
77443,7
78900,7
79681,7
82887,7
85431,7
85798,7
93834,7
10008,6
10042,6
10066,6
10078,6
10102,6
10726,6
13331,6
14345,6
14397,6
15262,6
15402,6
1937,6
2172,6
22526,6
22944,6
24294,6
24480,6
26277,6
26985,6
27104,6
27853,6
28054,6
28646,6
28969,6
31103,6
31328,6
31845,6
33384,6
36116,6
37031,6
39075,6
41160,6
42018,6
43165,6
43288,6
43389,6
44535,6
46524,6
46937,6
46972,6
47340,6
48793,6
52508,6
54303,6
54333,6
54972,6
55370,6
55489,6
56218,6
56353,6
57064,6
57939,6
68164,6
71431,6
71964,6
72993,6
73004,6
73293,6
73294,6
74868,6
75162,6
80434,6
80465,6
82537,6
82836,6
82927,6
83382,6
84013,6
85030,6
85782,6
85847,6
8780,6
90262,6
91056,6
9373,6
95920,6
10005,5
10041,5
10047,5
10054,5
11142,5
11315,5
14218,5
14311,5
14315,5
14380,5
14395,5
14567,5
14573,5
14671,5
15057,5
15540,5
16909,5
179,5
2010,5
2032,5
20913,5
21674,5
22517,5
22543,5
2310,5
24203,5
24516,5
24523,5
24591,5
25128,5
25282,5
25325,5
25331,5
25457,5
26933,5
27169,5
33681,5
34520,5
349,5
35150,5
36005,5
36413,5
43200,5
43483,5
44176,5
44193,5
44349,5
44354,5
45724,5
46615,5
48943,5
48988,5
51607,5
51649,5
52492,5
54420,5
54581,5
54984,5
55166,5
55468,5
55927,5
562,5
5714,5
57152,5
5717,5
58199,5
59096,5
5980,5
62340,5
64799,5
68156,5
70331,5
71077,5
71926,5
72046,5
72529,5
73433,5
74757,5
75443,5
76877,5
81076,5
8199,5
82109,5
82178,5
82206,5
82237,5
82306,5
82960,5
84100,5
84783,5
84950,5
85130,5
85873,5
87844,5
88090,5
10027,4
10035,4
10060,4
10093,4
10103,4
10275,4
11023,4
13245,4
13668,4
14168,4
14249,4
1427,4
14277,4
14282,4
14392,4
15051,4
15100,4
15280,4
15434,4
15863,4
16156,4
16907,4
17017,4
21182,4
21673,4
22512,4
24325,4
24779,4
24893,4
24965,4
25209,4
25418,4
26147,4
26151,4
26509,4
27162,4
31032,4
31079,4
3149,4
33131,4
33392,4
34211,4
35669,4
36236,4
3955,4
3972,4
40606,4
43286,4
43593,4
43628,4
43742,4
44340,4
44590,4
44866,4
44985,4
45171,4
45237,4
45363,4
45383,4
45896,4
46707,4
46906,4
46985,4
47417,4
47520,4
47527,4
51157,4
51171,4
52496,4
53088,4
54193,4
54465,4
54533,4
55272,4
55442,4
55542,4
55764,4
55858,4
56052,4
56166,4
56849,4
56894,4
57002,4
57007,4
57017,4
57018,4
57033,4
58667,4
66674,4
68540,4
68650,4
71194,4
71222,4
71527,4
72123,4
72245,4
72557,4
72800,4
73196,4
73226,4
73248,4
73348,4
73739,4
74660,4
74665,4
74752,4
74806,4
75056,4
76911,4
77392,4
77929,4
80433,4
80442,4
80483,4
81843,4
82212,4
83017,4
83219,4
83554,4
84046,4
84524,4
84633,4
85093,4
86602,4
87372,4
87761,4
90274,4
91057,4
9243,4
93162,4
10023,3
10030,3
10046,3
10074,3
10098,3
10930,3
11578,3
11848,3
1250,3
13330,3
14186,3
14478,3
14871,3
14931,3
15027,3
15381,3
16036,3
16140,3
16188,3
16764,3
17127,3
18768,3
1993,3
20001,3
20266,3
21487,3
21495,3
21771,3
21772,3
22153,3
23859,3
24358,3
25346,3
26232,3
26891,3
27513,3
27996,3
28710,3
28937,3
30808,3
3108,3
3152,3
33368,3
37204,3
40051,3
40465,3
40799,3
43143,3
43240,3
43262,3
43741,3
43746,3
43760,3
43779,3
43988,3
44805,3
44829,3
45009,3
45219,3
45292,3
45376,3
45432,3
46148,3
46726,3
47499,3
47595,3
48203,3
48977,3
49509,3
50684,3
51749,3
52499,3
52544,3
53280,3
534,3
53442,3
54308,3
54769,3
54771,3
54828,3
55146,3
55275,3
55413,3
55429,3
55448,3
55667,3
5607,3
56116,3
56200,3
56699,3
56827,3
56829,3
57937,3
61,3
61569,3
62137,3
62325,3
65228,3
6690,3
6694,3
68758,3
68834,3
70513,3
71099,3
71221,3
71417,3
71913,3
71922,3
72061,3
72207,3
72274,3
72469,3
72763,3
72773,3
73086,3
73099,3
73205,3
73534,3
73658,3
74050,3
74411,3
74767,3
74945,3
75524,3
75607,3
77931,3
80413,3
80426,3
80430,3
80675,3
81040,3
82365,3
82515,3
82591,3
82777,3
82918,3
82933,3
82941,3
82996,3
83223,3
83423,3
8390,3
84011,3
10007,2
10022,2
10037,2
10040,2
10049,2
10079,2
10138,2
10767,2
10970,2
11144,2
11370,2
1235,2
12627,2
12661,2
1275,2
13306,2
13321,2
13783,2
13886,2
13909,2
14070,2
14071,2
1422,2
14435,2
14509,2
14518,2
14744,2
15174,2
15352,2
15401,2
15520,2
15544,2
16211,2
16509,2
16609,2
16769,2
16933,2
17279,2
17543,2
17556,2
1806,2
18971,2
19509,2
20239,2
21174,2
22520,2
22882,2
23104,2
23122,2
23457,2
24260,2
24319,2
24421,2
24733,2
24785,2
24820,2
24940,2
25072,2
25105,2
26119,2
26359,2
26364,2
26424,2
26829,2
26851,2
27132,2
28068,2
30381,2
33582,2
34350,2
35478,2
36111,2
36393,2
368,2
37814,2
37851,2
38153,2
40097,2
40824,2
40858,2
41314,2
41623,2
41977,2
42815,2
43239,2
43268,2
43669,2
43753,2
43819,2
43832,2
43867,2
44014,2
44177,2
44304,2
44358,2
44405,2
44467,2
44525,2
44931,2
44982,2
45015,2
45152,2
45197,2
45321,2
45463,2
45600,2
46477,2
46847,2
47011,2
47083,2
47091,2
47280,2
47285,2
47322,2
47414,2
47509,2
49997,2
50242,2
50566,2
51462,2
51475,2
51692,2
52500,2
52505,2
52741,2
53006,2
53142,2
54171,2
54244,2
54294,2
54373,2
54719,2
548,2
54879,2
55046,2
55083,2
55168,2
55249,2
55321,2
55336,2
55535,2
55729,2
55918,2
56108,2
56135,2
56157,2
56272,2
56505,2
56508,2
5661,2
56685,2
56963,2
57148,2
57348,2
57856,2
57864,2
59438,2
6320,2
65029,2
65712,2
65879,2
66098,2
66822,2
68603,2
68792,2
68863,2
69111,2
70763,2
71035,2
71095,2
71134,2
71173,2
71365,2
71680,2
71713,2
71778,2
71986,2
72275,2
72292,2
72446,2
72453,2
73045,2
73186,2
73200,2
73273,2
73297,2
73601,2
74277,2
74399,2
74602,2
7488,2
75155,2
75274,2
75433,2
75461,2
75466,2
76268,2
77628,2
77730,2
79657,2
80337,2
80414,2
80477,2
80676,2
8194,2
82242,2
82345,2
82399,2
82740,2
83033,2
83206,2
83270,2
83434,2
83792,2
84035,2
84082,2
84206,2
84345,2
84949,2
84985,2
85040,2
85059,2
85233,2
86823,2
87804,2
90270,2
10011,1
10024,1
10053,1
10057,1
10090,1
10091,1
10099,1
10283,1
10301,1
10659,1
10714,1
10774,1
10904,1
11046,1
11201,1
11211,1
12031,1
12191,1
12210,1
13210,1
13283,1
13352,1
13474,1
13496,1
13725,1
13820,1
13885,1
1400,1
14020,1
14055,1
14143,1
14289,1
14446,1
14554,1
14845,1
14948,1
1501,1
15035,1
15111,1
15419,1
15440,1
1553,1
1559,1
15754,1
15758,1
16518,1
16525,1
16540,1
16971,1
16974,1
17021,1
17047,1
17119,1
17314,1
17318,1
17357,1
17554,1
17561,1
17625,1
17700,1
18235,1
184,1
18647,1
18725,1
18917,1
19973,1
20353,1
2044,1
20591,1
20919,1
21112,1
21245,1
2175,1
21853,1
21900,1
22424,1
22499,1
22500,1
22501,1
22508,1
22538,1
22560,1
22576,1
22587,1
22740,1
2288,1
22911,1
2292,1
2293,1
23266,1
23746,1
23910,1
24190,1
24208,1
24266,1
24288,1
24389,1
24436,1
2444,1
24481,1
24538,1
24755,1
24841,1
24842,1
24967,1
25178,1
25285,1
25299,1
25416,1
25499,1
25544,1
25551,1
25740,1
26100,1
26138,1
26221,1
26394,1
26462,1
26512,1
26592,1
26696,1
26712,1
26850,1
26876,1
26897,1
27008,1
27012,1
27019,1
27050,1
27099,1
27102,1
2799,1
28075,1
29990,1
3132,1
31848,1
32496,1
33366,1
33499,1
33653,1
33765,1
35664,1
36022,1
36867,1
37425,1
38190,1
38507,1
3900,1
39027,1
39539,1
40248,1
40291,1
40921,1
40935,1
40949,1
40953,1
41164,1
41193,1
41306,1
42283,1
43453,1
43638,1
43740,1
44112,1
44127,1
44131,1
44246,1
44278,1
44436,1
44512,1
44575,1
44584,1
44616,1
44629,1
44634,1
44860,1
44940,1
44993,1
45252,1
45271,1
45314,1
45320,1
45332,1
45360,1
45391,1
45482,1
45503,1
45712,1
45716,1
45813,1
45847,1
45901,1
45928,1
46116,1
46149,1
46304,1
46459,1
46592,1
46652,1
46731,1
46917,1
46934,1
47088,1
47195,1
47221,1
47377,1
47532,1
47667,1
47673,1
48739,1
49494,1
49527,1
49796,1
49996,1
50441,1
50894,1
51479,1
51506,1
51747,1
51750,1
52479,1
53068,1
53106,1
54269,1
54335,1
54342,1
54419,1
54538,1
54603,1
54647,1
54843,1
54999,1
55062,1
55064,1
55285,1
55705,1
56212,1
56354,1
56359,1
56457,1
5650,1
56509,1
56591,1
56623,1
56785,1
56875,1
56983,1
57003,1
57005,1
57011,1
57015,1
57060,1
57093,1
57096,1
57098,1
57164,1
57196,1
57909,1
60949,1
62328,1
6368,1
6369,1
63879,1
64661,1
65441,1
66067,1
6646,1
6649,1
68026,1
68556,1
68855,1
68887,1
68936,1
68998,1
69094,1
69104,1
69240,1
69252,1
70812,1
71121,1
71229,1
71603,1
71675,1
71766,1
71779,1
72079,1
72107,1
72183,1
7221,1
72238,1
72514,1
72874,1
72902,1
72943,1
73058,1
73065,1
73105,1
73153,1
73266,1
73300,1
73310,1
73366,1
73397,1
73416,1
73437,1
73820,1
73865,1
73930,1
74353,1
74393,1
74529,1
74804,1
74830,1
74871,1
74915,1
75017,1
75071,1
75214,1
75379,1
76822,1
77235,1
79242,1
79406,1
79432,1
79683,1
79684,1
80065,1
80449,1
80498,1
807,1
81376,1
81973,1
82228,1
82243,1
82267,1
82307,1
82353,1
82360,1
82441,1
82467,1
82475,1
82676,1
82700,1
82705,1
82843,1
82860,1
82885,1
82906,1
82977,1
83068,1
83100,1
83198,1
83209,1
83224,1
83627,1
84047,1
84050,1
84069,1
84088,1
84164,1
84293,1
84389,1
84453,1
84474,1
84623,1
84626,1
84902,1
84952,1
84957,1
8510,1
85790,1
8589,1
8608,1
86539,1
87030,1
8753,1
87607,1
88604,1
8937,1
92568,1
95890,1
95952,1
