6	0
8	1
9	2
14	3
15	4
17	5
20	6
21	7
22	8
23	9
24	10
25	11
26	12
27	13
28	14
29	15
30	16
31	17
32	18
33	19
34	20
35	21
37	22
38	23
45	24
46	25
47	26
53	27
56	28
60	29
61	30
62	31
63	32
64	33
65	34
66	35
67	36
68	37
69	38
70	39
71	40
72	41
73	42
75	43
76	44
77	45
78	46
79	47
85	48
86	49
87	50
88	51
90	52
91	53
94	54
96	55
99	56
100	57
101	58
102	59
103	60
104	61
113	62
117	63
120	64
121	65
122	66
123	67
125	68
126	69
129	70
130	71
190	72
281	73
286	74
309	75
488	76
498	77
673	78
692	79
966	80
1547	81
1557	82
1612	83
1623	84
1631	85
2067	86
2121	87
2140	88
2825	89
3176	90
3283	91
3556	92
3557	93
4063	94
4085	95
4396	96
5567	97
5791	98
5847	99
5859	100
6080	101
6499	102
6507	103
6508	104
6592	105
6666	106
6711	107
6815	108
7618	109
7782	110
7943	111
8329	112
8403	113
8910	114
9067	115
9214	116
9349	117
9373	118
9503	119
10132	120
10134	121
10135	122
10136	123
10137	124
10138	125
10139	126
10140	127
10142	128
10143	129
10144	130
10146	131
10147	132
10148	133
10149	134
10150	135
10151	136
10152	137
10156	138
10157	139
10158	140
10159	141
10161	142
10162	143
10163	144
10164	145
10165	146
10166	147
10168	148
10169	149
10170	150
10172	151
10173	152
10174	153
10177	154
10178	155
10180	156
10181	157
10182	158
10184	159
10185	160
10186	161
10187	162
10189	163
10191	164
10192	165
10193	166
10194	167
10195	168
10196	169
10197	170
10198	171
10200	172
10202	173
10203	174
10204	175
10205	176
10206	177
10207	178
10208	179
10209	180
10210	181
10211	182
10212	183
10213	184
10214	185
10215	186
10216	187
10217	188
10218	189
10219	190
10220	191
10221	192
10223	193
10225	194
10226	195
10227	196
10229	197
10232	198
10233	199
10275	200
10405	201
10413	202
10431	203
10648	204
10789	205
10825	206
10856	207
10897	208
10904	209
11034	210
11100	211
11153	212
11243	213
11257	214
11272	215
11275	216
11345	217
11445	218
11488	219
11500	220
11606	221
11803	222
11807	223
12161	224
12321	225
12576	226
12757	227
12938	228
12992	229
13055	230
13318	231
13336	232
13360	233
13375	234
13385	235
13394	236
13401	237
13402	238
13403	239
13404	240
13442	241
13449	242
13451	243
13461	244
13462	245
13464	246
13467	247
13482	248
13547	249
13561	250
13563	251
13604	252
13625	253
13670	254
13717	255
13798	256
13799	257
13840	258
13914	259
13918	260
13925	261
13950	262
13988	263
13999	264
14003	265
14016	266
14052	267
14097	268
14107	269
14136	270
14150	271
14152	272
14153	273
14156	274
14157	275
14159	276
14160	277
14161	278
14166	279
14185	280
14201	281
14212	282
14273	283
14282	284
14298	285
14301	286
14302	287
14303	288
14348	289
14355	290
14379	291
14407	292
14419	293
14437	294
14441	295
14445	296
14448	297
14481	298
14488	299
14508	300
14510	301
14514	302
14519	303
14522	304
14523	305
14525	306
14527	307
14529	308
14570	309
14639	310
14648	311
14686	312
14687	313
14688	314
14695	315
14697	316
14700	317
14766	318
14780	319
14788	320
14795	321
14801	322
14806	323
14977	324
15001	325
15011	326
15015	327
15017	328
15038	329
15061	330
15071	331
15103	332
15113	333
15141	334
15157	335
15168	336
15181	337
15187	338
15214	339
15230	340
15303	341
15309	342
15312	343
15314	344
15325	345
15344	346
15345	347
15346	348
15370	349
15392	350
15406	351
15410	352
15424	353
15433	354
15434	355
15438	356
15464	357
15482	358
15487	359
15489	360
15493	361
15511	362
15531	363
15535	364
15549	365
15563	366
15564	367
15587	368
15603	369
15628	370
15650	371
15669	372
15670	373
15772	374
15883	375
15885	376
15896	377
15962	378
15977	379
15985	380
15993	381
16090	382
16150	383
16260	384
16286	385
16321	386
16475	387
16544	388
16639	389
16646	390
16670	391
16695	392
16739	393
16783	394
16791	395
16820	396
16894	397
16899	398
16986	399
16991	400
17015	401
17037	402
17039	403
17048	404
17061	405
17073	406
17104	407
17177	408
17211	409
17249	410
17276	411
17351	412
17386	413
17393	414
17445	415
17475	416
17506	417
17579	418
17582	419
17624	420
17673	421
17678	422
17684	423
17691	424
17696	425
17747	426
17835	427
18362	428
18898	429
19089	430
19102	431
19109	432
19136	433
19147	434
19184	435
19336	436
19453	437
19601	438
19666	439
19857	440
20131	441
20152	442
20384	443
20398	444
20579	445
20686	446
21043	447
21049	448
21304	449
21312	450
21326	451
21375	452
21559	453
21617	454
21650	455
21659	456
21802	457
21900	458
21901	459
21902	460
21983	461
22169	462
22484	463
22488	464
22494	465
22586	466
22629	467
22630	468
22631	469
22632	470
22641	471
22642	472
22643	473
22651	474
22654	475
22692	476
22890	477
23164	478
23234	479
23252	480
23281	481
23573	482
23587	483
23862	484
23989	485
24040	486
24157	487
24315	488
24316	489
24338	490
24362	491
24379	492
24390	493
24396	494
24397	495
24418	496
24424	497
24433	498
24440	499
24454	500
24455	501
24476	502
24479	503
24480	504
24482	505
24488	506
24518	507
24547	508
24565	509
24566	510
24572	511
24611	512
24653	513
24673	514
24726	515
24796	516
24854	517
24894	518
24909	519
24937	520
24950	521
24953	522
24971	523
24987	524
25022	525
25031	526
25046	527
25070	528
25097	529
25114	530
25116	531
25128	532
25150	533
25169	534
25186	535
25202	536
25203	537
25205	538
25207	539
25208	540
25225	541
25241	542
25266	543
25276	544
25278	545
25299	546
25310	547
25333	548
25412	549
25415	550
25429	551
25430	552
25474	553
25476	554
25481	555
25532	556
25581	557
25587	558
25628	559
25639	560
25681	561
25705	562
25779	563
25780	564
25808	565
25846	566
25904	567
25957	568
26063	569
26095	570
26155	571
26212	572
26245	573
26246	574
26249	575
26268	576
26281	577
26299	578
26310	579
26351	580
26359	581
26362	582
26384	583
26385	584
26407	585
26423	586
26554	587
26578	588
26639	589
26667	590
26692	591
26722	592
26724	593
26754	594
26815	595
26833	596
26843	597
26916	598
26918	599
26959	600
26980	601
26981	602
27015	603
27027	604
27063	605
27099	606
27100	607
27115	608
27139	609
27140	610
27145	611
27146	612
27147	613
27164	614
27234	615
27252	616
27262	617
27267	618
27276	619
27287	620
27292	621
27324	622
27434	623
27435	624
27465	625
27486	626
27487	627
27743	628
27983	629
28100	630
28107	631
28108	632
28110	633
28112	634
28116	635
28122	636
28123	637
28126	638
28143	639
28146	640
28167	641
28174	642
28177	643
28181	644
28182	645
28184	646
28192	647
28195	648
28197	649
28198	650
28205	651
28215	652
28219	653
28221	654
28543	655
28585	656
29067	657
29099	658
29100	659
29158	660
29363	661
30087	662
30502	663
30511	664
30558	665
30560	666
30798	667
30934	668
30938	669
31209	670
31233	671
31975	672
32106	673
32476	674
32650	675
32678	676
32893	677
32894	678
33257	679
33321	680
33473	681
33489	682
33490	683
33492	684
33494	685
33495	686
33496	687
33498	688
33499	689
33502	690
33505	691
33509	692
33510	693
33518	694
33519	695
33520	696
33521	697
33522	698
33629	699
33630	700
33635	701
33708	702
33842	703
33895	704
34037	705
34475	706
34478	707
34479	708
34480	709
34507	710
34523	711
34715	712
34728	713
34731	714
34744	715
34770	716
35858	717
35863	718
36135	719
36152	720
36182	721
36241	722
36246	723
36479	724
36543	725
36762	726
36764	727
36997	728
37334	729
37369	730
37765	731
37937	732
37942	733
37944	734
37947	735
37949	736
37982	737
37985	738
38283	739
38436	740
38626	741
38771	742
38890	743
39205	744
40143	745
40329	746
40352	747
40555	748
40595	749
40736	750
40766	751
40846	752
40968	753
41039	754
41290	755
41323	756
41393	757
41553	758
41654	759
41753	760
42107	761
42148	762
42744	763
42959	764
43231	765
43295	766
43315	767
43340	768
43341	769
43350	770
43357	771
43358	772
43359	773
43360	774
43405	775
43416	776
43420	777
43423	778
43477	779
43517	780
43519	781
43627	782
43757	783
43758	784
43871	785
43881	786
43909	787
43962	788
43974	789
43975	790
44111	791
44112	792
44115	793
44116	794
44118	795
44119	796
44120	797
44125	798
44257	799
44260	800
44261	801
44265	802
44306	803
44369	804
44394	805
44398	806
44402	807
44441	808
44448	809
44468	810
44474	811
44479	812
44482	813
44483	814
44484	815
44486	816
44488	817
44529	818
44562	819
44566	820
44644	821
44645	822
44646	823
44653	824
44655	825
44658	826
44720	827
44738	828
44741	829
44764	830
44935	831
44959	832
44996	833
45019	834
45032	835
45061	836
45139	837
45161	838
45189	839
45260	840
45269	841
45282	842
45285	843
45302	844
45303	845
45363	846
45382	847
45401	848
45440	849
45445	850
45447	851
45450	852
45469	853
45490	854
45493	855
45506	856
45513	857
45522	858
45544	859
45546	860
45593	861
45633	862
45797	863
45854	864
45920	865
45935	866
46031	867
46048	868
46061	869
46126	870
46278	871
46281	872
46598	873
46607	874
46654	875
46716	876
46745	877
46747	878
46753	879
46811	880
46829	881
46856	882
46948	883
46953	884
46977	885
47000	886
47002	887
47026	888
47036	889
47064	890
47115	891
47221	892
47240	893
47252	894
47358	895
47359	896
47440	897
47547	898
47590	899
47639	900
47644	901
47652	902
47657	903
47712	904
47759	905
47802	906
48330	907
48333	908
48923	909
49060	910
49639	911
49926	912
50125	913
51779	914
51877	915
51878	916
51879	917
52533	918
52605	919
52608	920
52609	921
52620	922
52654	923
52661	924
52673	925
52694	926
53136	927
53198	928
53218	929
53236	930
53272	931
53465	932
54300	933
54323	934
54361	935
54364	936
54380	937
54402	938
54417	939
54424	940
54439	941
54466	942
54502	943
54531	944
54549	945
54550	946
54556	947
54645	948
54658	949
54671	950
54711	951
54800	952
54840	953
54881	954
54896	955
54899	956
54923	957
54936	958
54957	959
55008	960
55017	961
55032	962
55081	963
55083	964
55085	965
55102	966
55140	967
55156	968
55190	969
55192	970
55229	971
55254	972
55264	973
55266	974
55276	975
55287	976
55405	977
55441	978
55464	979
55466	980
55471	981
55500	982
55522	983
55538	984
55578	985
55598	986
55665	987
55835	988
55882	989
55948	990
56227	991
56243	992
56246	993
56265	994
56296	995
56336	996
56357	997
56381	998
56382	999
56402	1000
56549	1001
56635	1002
56689	1003
56720	1004
56722	1005
56736	1006
56829	1007
56838	1008
56839	1009
56959	1010
56978	1011
56979	1012
56980	1013
57024	1014
57062	1015
57097	1016
57137	1017
57138	1018
57139	1019
57140	1020
57150	1021
57226	1022
57228	1023
57236	1024
57237	1025
57289	1026
57294	1027
57429	1028
57430	1029
57431	1030
57459	1031
57478	1032
57479	1033
57978	1034
57988	1035
57989	1036
58007	1037
58034	1038
58037	1039
58040	1040
58041	1041
58043	1042
58049	1043
58050	1044
58051	1045
58064	1046
58067	1047
58069	1048
59803	1049
59948	1050
60315	1051
60841	1052
61294	1053
61505	1054
61738	1055
62459	1056
62466	1057
62470	1058
62471	1059
62560	1060
63253	1061
63255	1062
64372	1063
64929	1064
66795	1065
67879	1066
68082	1067
68086	1068
68294	1069
68358	1070
68670	1071
68738	1072
68780	1073
68787	1074
68918	1075
68945	1076
68958	1077
68967	1078
68993	1079
69017	1080
69224	1081
69234	1082
69241	1083
69491	1084
69588	1085
70041	1086
70203	1087
70461	1088
70893	1089
71165	1090
71225	1091
71229	1092
71249	1093
71251	1094
71264	1095
71274	1096
71275	1097
71284	1098
71291	1099
71292	1100
71293	1101
71294	1102
71339	1103
71341	1104
71350	1105
71351	1106
71352	1107
71354	1108
71357	1109
71372	1110
71451	1111
71453	1112
71462	1113
71561	1114
71691	1115
71810	1116
71817	1117
71907	1118
71908	1119
71909	1120
71931	1121
72045	1122
72046	1123
72049	1124
72050	1125
72052	1126
72053	1127
72054	1128
72056	1129
72059	1130
72093	1131
72094	1132
72176	1133
72190	1134
72194	1135
72195	1136
72240	1137
72257	1138
72303	1139
72328	1140
72332	1141
72336	1142
72368	1143
72382	1144
72402	1145
72404	1146
72408	1147
72413	1148
72416	1149
72417	1150
72418	1151
72420	1152
72422	1153
72463	1154
72500	1155
72578	1156
72579	1157
72580	1158
72585	1159
72587	1160
72588	1161
72589	1162
72592	1163
72599	1164
72654	1165
72659	1166
72672	1167
72675	1168
72687	1169
72869	1170
72893	1171
72903	1172
72930	1173
72953	1174
72963	1175
72995	1176
73060	1177
73073	1178
73123	1179
73194	1180
73200	1181
73203	1182
73216	1183
73235	1184
73236	1185
73237	1186
73297	1187
73316	1188
73326	1189
73335	1190
73356	1191
73372	1192
73374	1193
73379	1194
73381	1195
73424	1196
73440	1197
73447	1198
73455	1199
73456	1200
73480	1201
73521	1202
73543	1203
73563	1204
73567	1205
73777	1206
73788	1207
73854	1208
73877	1209
73910	1210
73982	1211
74060	1212
74098	1213
74215	1214
74368	1215
74438	1216
74483	1217
74523	1218
74529	1219
74532	1220
74539	1221
74541	1222
74588	1223
74650	1224
74656	1225
74679	1226
74687	1227
74753	1228
74882	1229
74887	1230
74891	1231
74907	1232
74911	1233
74936	1234
74970	1235
74998	1236
75001	1237
75075	1238
75201	1239
75245	1240
75259	1241
75292	1242
75293	1243
75478	1244
75481	1245
75524	1246
75578	1247
75591	1248
75646	1249
75650	1250
75693	1251
75731	1252
76264	1253
76803	1254
77007	1255
77052	1256
77174	1257
77359	1258
77381	1259
77826	1260
78038	1261
78060	1262
78061	1263
78486	1264
78505	1265
78748	1266
78925	1267
79377	1268
79526	1269
79528	1270
79530	1271
79713	1272
79738	1273
79811	1274
79813	1275
79814	1276
80540	1277
80543	1278
80554	1279
80555	1280
80560	1281
80564	1282
80572	1283
80587	1284
80607	1285
80621	1286
80628	1287
80874	1288
80991	1289
81070	1290
81959	1291
82234	1292
82257	1293
82271	1294
82298	1295
82308	1296
82314	1297
82342	1298
82358	1299
82367	1300
82370	1301
82373	1302
82377	1303
82397	1304
82436	1305
82465	1306
82483	1307
82484	1308
82493	1309
82495	1310
82549	1311
82565	1312
82572	1313
82589	1314
82592	1315
82605	1316
82645	1317
82667	1318
82686	1319
82721	1320
82815	1321
82830	1322
82857	1323
82858	1324
82870	1325
82891	1326
82907	1327
82942	1328
82966	1329
83015	1330
83017	1331
83036	1332
83048	1333
83057	1334
83071	1335
83090	1336
83094	1337
83124	1338
83147	1339
83188	1340
83200	1341
83210	1342
83221	1343
83230	1344
83336	1345
83349	1346
83353	1347
83375	1348
83385	1349
83398	1350
83400	1351
83405	1352
83456	1353
83470	1354
83472	1355
83505	1356
83512	1357
83553	1358
83703	1359
83731	1360
83816	1361
83882	1362
84176	1363
84177	1364
84199	1365
84230	1366
84264	1367
84291	1368
84294	1369
84315	1370
84316	1371
84336	1372
84417	1373
84519	1374
84569	1375
84601	1376
84655	1377
84656	1378
84687	1379
84753	1380
84756	1381
84763	1382
84773	1383
84795	1384
84912	1385
84914	1386
84960	1387
84985	1388
85031	1389
85065	1390
85067	1391
85071	1392
85072	1393
85073	1394
85082	1395
85084	1396
85160	1397
85165	1398
85171	1399
85203	1400
85216	1401
85223	1402
85228	1403
85233	1404
85363	1405
85364	1406
85393	1407
85412	1408
85413	1409
85912	1410
85922	1411
85923	1412
85928	1413
85941	1414
85968	1415
85971	1416
85975	1417
85983	1418
85984	1419
85985	1420
85998	1421
86003	1422
86731	1423
86732	1424
86953	1425
87882	1426
87934	1427
88249	1428
88675	1429
89228	1430
90392	1431
90393	1432
90404	1433
90405	1434
90494	1435
91183	1436
91186	1437
91187	1438
91433	1439
91467	1440
91943	1441
92306	1442
92570	1443
92880	1444
94132	1445
94284	1446
94886	1447
95588	1448
95701	1449
96016	1450
96049	1451
96050	1452
96052	1453
96053	1454
96054	1455
96057	1456
96058	1457
96059	1458
96060	1459
96061	1460
96062	1461
96063	1462
96064	1463
96065	1464
96066	1465
96067	1466
96068	1467
96069	1468
96070	1469
96071	1470
96072	1471
96073	1472
96074	1473
96075	1474
96076	1475
96077	1476
96078	1477
96079	1478
96080	1479
96081	1480
96082	1481
96083	1482
96084	1483
96085	1484
96086	1485
96087	1486
96088	1487
96089	1488
96090	1489
96091	1490
96092	1491
96093	1492
96094	1493
96095	1494
96096	1495
96097	1496
96098	1497
96099	1498
96100	1499
96101	1500
96102	1501
96103	1502
96104	1503
96105	1504
96106	1505
96107	1506
96108	1507
96109	1508
96110	1509
96111	1510
96112	1511
96113	1512
96114	1513
96115	1514
