2,251
63589,145
26058,123
63629,120
12134,105
15742,104
10,100
63581,94
23,82
101,81
63562,81
87097,77
13862,74
22375,74
24,73
63578,73
63583,72
89662,70
90,69
127182,65
85979,65
21575,64
21087,63
23553,61
25780,61
63705,60
75738,60
23327,58
32617,58
13034,57
23493,57
49316,57
49,55
63576,55
118,54
23494,53
21353,52
22,52
63,52
87098,52
63614,50
25425,49
22831,48
28361,48
31719,48
52,48
127198,47
21429,47
43058,47
86563,47
127185,46
23495,46
50189,46
5503,46
76638,45
105,44
127166,44
20790,44
63656,44
63709,44
127178,43
12810,43
63584,43
79346,42
21411,41
49972,40
59761,40
59966,40
86322,40
13924,39
42834,39
63653,39
21217,38
21692,38
49301,38
63694,38
78035,38
127184,37
26068,36
84499,36
25,35
50403,35
59954,35
127180,34
23537,34
31716,34
87,34
127188,33
13098,33
77385,33
12798,32
14431,32
20895,32
42346,32
52784,32
63692,32
89029,32
89672,32
108,31
112920,31
13817,31
25779,31
31717,31
42590,31
43021,31
50260,31
61466,31
63683,31
86931,31
87099,31
104576,30
23518,30
23551,30
3290,30
53,30
59965,30
63557,30
63574,30
63588,30
76702,30
79293,30
96342,30
9683,30
245,29
44744,29
63691,29
75739,29
85925,29
87108,29
12135,28
16,28
18788,28
23536,28
26049,28
4,28
43046,28
49963,28
50,28
59935,28
63573,28
76409,28
84929,28
116334,27
123569,27
31711,27
49315,27
63580,27
74,27
77466,27
87140,27
8780,27
104010,26
113793,26
123559,26
127162,26
127186,26
20644,26
20762,26
21195,26
22718,26
26064,26
28,26
33508,26
40512,26
62166,26
63546,26
63559,26
63582,26
63592,26
63608,26
63627,26
79,26
84691,26
85033,26
89384,26
89663,26
123365,25
127174,25
13260,25
13781,25
32395,25
42589,25
43031,25
50405,25
63606,25
76086,25
76414,25
84248,25
84957,25
121145,24
12801,24
13258,24
23208,24
23565,24
26086,24
32383,24
34739,24
63579,24
63591,24
63628,24
75733,24
77935,24
91972,24
11019,23
113567,23
12482,23
20877,23
23197,23
26085,23
32684,23
58922,23
60624,23
63564,23
63603,23
63654,23
63667,23
63712,23
86223,23
87125,23
87141,23
87169,23
12,22
127196,22
13104,22
23504,22
26084,22
29,22
53238,22
56,22
59306,22
63554,22
63563,22
63577,22
63598,22
63659,22
63670,22
77528,22
78750,22
90306,22
112919,21
113576,21
123539,21
127160,21
12806,21
21,21
43060,21
57541,21
58944,21
59414,21
63561,21
87146,21
91974,21
104116,20
113864,20
114543,20
12129,20
123571,20
15689,20
23501,20
31702,20
32738,20
35283,20
49278,20
51585,20
52735,20
59973,20
63593,20
63715,20
76410,20
89668,20
9681,20
113842,19
127202,19
19343,19
28370,19
31701,19
32690,19
35335,19
40972,19
4099,19
41973,19
50225,19
52229,19
55,19
63575,19
63590,19
63594,19
63596,19
63622,19
63678,19
75724,19
84799,19
85174,19
87105,19
88,19
121851,18
12805,18
17150,18
21325,18
23521,18
25971,18
26066,18
32386,18
32844,18
33924,18
59941,18
59955,18
63553,18
63587,18
63630,18
64,18
65,18
85015,18
89575,18
91970,18
9703,18
9741,18
110193,17
12120,17
127177,17
127193,17
127194,17
13259,17
14331,17
23179,17
33400,17
49317,17
49318,17
50940,17
52073,17
58039,17
58056,17
58198,17
58247,17
61475,17
63602,17
63714,17
75740,17
76405,17
76862,17
77421,17
85179,17
96221,17
112904,16
12137,16
12178,16
127176,16
1382,16
22224,16
23178,16
23556,16
31863,16
34587,16
40324,16
40813,16
49300,16
50906,16
50939,16
54289,16
58184,16
59213,16
63558,16
75741,16
75982,16
76,16
77338,16
86528,16
87122,16
87148,16
89667,16
89689,16
89777,16
9742,16
111310,15
112905,15
122526,15
123545,15
127183,15
15003,15
21846,15
26059,15
28366,15
31718,15
32842,15
51431,15
52218,15
57439,15
59959,15
63537,15
63597,15
63657,15
63669,15
77940,15
78815,15
84366,15
85814,15
87155,15
87160,15
9697,15
9736,15
121093,14
123018,14
12378,14
127146,14
13112,14
14996,14
1871,14
23492,14
23542,14
23559,14
27284,14
31760,14
33591,14
39345,14
40635,14
42824,14
43969,14
49357,14
51523,14
52054,14
58961,14
63625,14
76708,14
77402,14
77420,14
78600,14
82325,14
86435,14
89670,14
95320,14
9705,14
106410,13
113858,13
114544,13
115604,13
121643,13
12192,13
123538,13
125770,13
127161,13
127173,13
127201,13
12802,13
13117,13
13343,13
14625,13
15436,13
20,13
21537,13
22345,13
22958,13
23967,13
26063,13
26541,13
33445,13
40944,13
41974,13
42461,13
49968,13
50197,13
52080,13
52854,13
63547,13
63569,13
63586,13
63595,13
63599,13
7372,13
78,13
79255,13
84545,13
84821,13
85450,13
89,13
90145,13
91990,13
95526,13
9739,13
109,12
122548,12
127164,12
13,12
13267,12
15463,12
22959,12
23209,12
26,12
27787,12
32702,12
41049,12
41197,12
42554,12
45532,12
50269,12
59321,12
63545,12
63548,12
63600,12
63617,12
66,12
76401,12
78583,12
84292,12
87111,12
87157,12
9706,12
9744,12
9757,12
104635,11
10782,11
113572,11
115822,11
116388,11
121056,11
12136,11
122817,11
127144,11
127190,11
13153,11
15146,11
15533,11
18721,11
21400,11
22321,11
22344,11
22924,11
23507,11
3029,11
32391,11
42445,11
43047,11
49374,11
49960,11
51,11
51366,11
51962,11
5215,11
53845,11
57,11
57264,11
57981,11
63568,11
63570,11
63585,11
63717,11
73348,11
73366,11
74274,11
76564,11
76864,11
79843,11
84881,11
85296,11
87571,11
90146,11
92877,11
95990,11
9710,11
9715,11
106130,10
106625,10
111,10
121530,10
12281,10
12283,10
123141,10
123249,10
125070,10
127142,10
127150,10
127165,10
127168,10
13816,10
18789,10
23966,10
26074,10
35287,10
44754,10
47764,10
50982,10
51043,10
51376,10
57362,10
57758,10
59745,10
59967,10
6129,10
61733,10
63552,10
63566,10
73345,10
74042,10
75796,10
76402,10
76716,10
76871,10
77949,10
82,10
86801,10
89653,10
89690,10
9727,10
9728,10
100407,9
103807,9
106655,9
108392,9
110821,9
114007,9
114510,9
114586,9
115566,9
116022,9
116339,9
120904,9
121499,9
12209,9
123020,9
123563,9
12483,9
127022,9
127154,9
127172,9
127192,9
127206,9
13042,9
13113,9
13787,9
13865,9
13959,9
14006,9
15651,9
17,9
18586,9
18,9
20941,9
21455,9
22324,9
22595,9
23445,9
23555,9
241,9
27630,9
32390,9
32695,9
32699,9
33370,9
33399,9
34585,9
40275,9
42806,9
42807,9
43051,9
46589,9
49310,9
50167,9
50238,9
50307,9
50499,9
52000,9
52253,9
57957,9
58432,9
58945,9
5,9
59537,9
59934,9
62425,9
63540,9
63560,9
63565,9
63620,9
63698,9
73355,9
73864,9
75893,9
76966,9
77530,9
78607,9
7,9
833,9
85578,9
86221,9
86499,9
86813,9
87159,9
89678,9
91965,9
95306,9
96816,9
9682,9
10533,8
106635,8
106664,8
110664,8
113564,8
113571,8
114344,8
11,8
121886,8
12189,8
122910,8
123107,8
12338,8
125067,8
127158,8
127200,8
12795,8
12960,8
13798,8
14754,8
15187,8
15377,8
15814,8
16808,8
20586,8
20707,8
21758,8
23544,8
25939,8
26538,8
27281,8
27673,8
27789,8
28089,8
28368,8
32625,8
33364,8
33668,8
34592,8
37,8
40378,8
41951,8
43020,8
43066,8
49650,8
50849,8
51004,8
51096,8
57940,8
59538,8
59547,8
59615,8
63556,8
75813,8
76523,8
7906,8
79301,8
84279,8
85949,8
86312,8
86529,8
89664,8
96288,8
9691,8
104548,7
104653,7
106158,7
112914,7
112921,7
113445,7
114075,7
115514,7
116303,7
118020,7
119189,7
119769,7
121043,7
121362,7
121455,7
123577,7
12797,7
13081,7
13586,7
13926,7
14,7
15185,7
15560,7
15,7
16239,7
17202,7
18182,7
20688,7
23081,7
26060,7
26087,7
26543,7
32843,7
34015,7
34508,7
34559,7
36265,7
38395,7
38950,7
40406,7
40672,7
41247,7
41543,7
42666,7
47746,7
49368,7
49863,7
50254,7
50412,7
50413,7
52216,7
52363,7
55396,7
56119,7
57300,7
57336,7
57349,7
57895,7
58028,7
58844,7
59291,7
62000,7
63550,7
63626,7
63660,7
73331,7
76509,7
77325,7
77563,7
78229,7
84190,7
84285,7
84394,7
85858,7
86689,7
8,7
92483,7
95315,7
95322,7
9732,7
9743,7
9754,7
9759,7
98196,7
98939,7
103828,6
106194,6
106662,6
110,6
112975,6
114542,6
114694,6
115316,6
115885,6
123038,6
123558,6
123570,6
124265,6
127170,6
127179,6
127189,6
12751,6
12922,6
13721,6
13920,6
14262,6
14883,6
14923,6
15324,6
1922,6
19544,6
20653,6
20804,6
21151,6
21352,6
22708,6
23505,6
23954,6
25039,6
28364,6
2926,6
32508,6
32698,6
33510,6
34211,6
35245,6
38327,6
39584,6
42498,6
42715,6
49841,6
49843,6
49964,6
49967,6
50193,6
50417,6
51039,6
51045,6
51614,6
52213,6
52233,6
52303,6
52699,6
54430,6
56165,6
57738,6
58282,6
58528,6
58826,6
60310,6
61729,6
63571,6
63619,6
63677,6
63695,6
63713,6
73285,6
73932,6
74137,6
76399,6
76530,6
76591,6
76757,6
76971,6
77878,6
78907,6
79040,6
79074,6
83283,6
84,6
85137,6
85822,6
86109,6
86569,6
86644,6
87442,6
8937,6
9064,6
95999,6
96111,6
96294,6
96447,6
97003,6
9721,6
9733,6
10328,5
105577,5
105595,5
106193,5
106438,5
112882,5
113141,5
113447,5
115035,5
115056,5
115100,5
115127,5
115677,5
115736,5
118660,5
119125,5
119190,5
12076,5
12098,5
121187,5
121660,5
121802,5
122132,5
123565,5
123829,5
126029,5
12678,5
127149,5
127152,5
127156,5
127187,5
127204,5
12827,5
13019,5
13789,5
13835,5
14060,5
14597,5
15078,5
19237,5
19342,5
19344,5
20730,5
20808,5
21520,5
21572,5
21659,5
22619,5
23040,5
23061,5
25022,5
25380,5
26065,5
26071,5
26237,5
26702,5
26716,5
27487,5
31770,5
31961,5
32595,5
32704,5
33170,5
33306,5
33570,5
33915,5
34025,5
34462,5
34635,5
37140,5
38990,5
40558,5
40821,5
41020,5
41031,5
42249,5
42526,5
42674,5
43059,5
47063,5
47,5
50003,5
50265,5
50272,5
50340,5
50646,5
51193,5
52499,5
52742,5
54416,5
55521,5
56101,5
56466,5
57366,5
57452,5
57726,5
57831,5
59212,5
59645,5
59929,5
60781,5
63572,5
63616,5
6434,5
73286,5
73299,5
73343,5
73361,5
73376,5
73418,5
74103,5
74386,5
76406,5
76646,5
76685,5
76863,5
76876,5
76960,5
77221,5
78385,5
78408,5
78527,5
78789,5
79296,5
80375,5
85263,5
86436,5
86562,5
87096,5
87175,5
87845,5
88626,5
88643,5
89683,5
90284,5
91091,5
91,5
91968,5
92119,5
95271,5
95283,5
96448,5
96774,5
9686,5
9690,5
96968,5
9704,5
97049,5
9709,5
97108,5
9738,5
9758,5
9766,5
98730,5
98819,5
98887,5
101999,4
103272,4
103325,4
10333,4
104310,4
104801,4
105555,4
105578,4
105828,4
105950,4
106663,4
112922,4
112978,4
113563,4
113669,4
113878,4
114008,4
114021,4
114250,4
114608,4
114647,4
115857,4
116131,4
116274,4
116346,4
116842,4
118032,4
118038,4
11840,4
119000,4
119694,4
119723,4
120966,4
120987,4
121330,4
121838,4
12195,4
122433,4
122549,4
123142,4
123225,4
123349,4
124251,4
12663,4
127148,4
127175,4
127195,4
127197,4
12905,4
12919,4
13119,4
13217,4
13223,4
13272,4
13356,4
13362,4
13511,4
13875,4
1392,4
13943,4
1453,4
15196,4
15303,4
19392,4
19741,4
19793,4
19801,4
20330,4
20465,4
20660,4
20731,4
21263,4
21277,4
21357,4
22223,4
23073,4
24657,4
24663,4
24687,4
2590,4
26062,4
26135,4
30444,4
31679,4
32504,4
32667,4
32773,4
32927,4
33564,4
34000,4
35835,4
36803,4
38396,4
38,4
39021,4
39414,4
40721,4
40740,4
41502,4
418,4
41872,4
44,4
44788,4
47706,4
47931,4
47939,4
49040,4
49202,4
49371,4
49959,4
50270,4
50404,4
50487,4
50911,4
51090,4
51121,4
51196,4
51837,4
52048,4
52454,4
56153,4
57314,4
57414,4
57583,4
57646,4
57909,4
58160,4
58455,4
58871,4
59022,4
59503,4
59621,4
59665,4
61732,4
6331,4
63542,4
63686,4
63688,4
63710,4
63718,4
73294,4
73357,4
73363,4
73,4
73516,4
73937,4
75680,4
75717,4
76194,4
76717,4
77115,4
77190,4
77564,4
77863,4
78086,4
78598,4
78682,4
78800,4
78958,4
82392,4
84211,4
84311,4
84408,4
84867,4
84912,4
84967,4
85124,4
85831,4
85948,4
86642,4
86679,4
86685,4
86812,4
87049,4
87568,4
88987,4
89206,4
89327,4
89675,4
89684,4
89952,4
90885,4
91234,4
91988,4
93613,4
95305,4
95321,4
95986,4
95987,4
96302,4
96303,4
9685,4
9693,4
9694,4
9695,4
9747,4
97519,4
9776,4
98895,4
100744,3
102596,3
103865,3
10435,3
104356,3
104417,3
104919,3
105147,3
105201,3
105853,3
105966,3
106065,3
106203,3
10872,3
109527,3
111113,3
111157,3
113059,3
113255,3
113685,3
113829,3
113869,3
113876,3
114016,3
114665,3
114706,3
114968,3
114980,3
115137,3
115560,3
115879,3
116191,3
117,3
117732,3
118389,3
119745,3
120366,3
120912,3
120940,3
120953,3
120962,3
121055,3
121403,3
121561,3
121587,3
122023,3
122036,3
122792,3
123153,3
123292,3
12415,3
124376,3
124694,3
124870,3
125079,3
12652,3
127163,3
127181,3
127207,3
12804,3
12851,3
13074,3
13534,3
13544,3
13707,3
13884,3
13907,3
14165,3
14264,3
14352,3
1443,3
15082,3
15209,3
15354,3
167,3
17538,3
18376,3
19233,3
19,3
19303,3
20369,3
20587,3
20607,3
20694,3
20733,3
21099,3
21134,3
21287,3
21308,3
21371,3
21385,3
21409,3
21437,3
21570,3
21612,3
21653,3
21822,3
21974,3
22143,3
22549,3
22859,3
22895,3
22966,3
23085,3
23110,3
24000,3
25602,3
25689,3
26173,3
264,3
26692,3
28386,3
28515,3
29681,3
32068,3
32252,3
32262,3
32660,3
32700,3
3289,3
33201,3
33459,3
34736,3
34778,3
34874,3
35215,3
39002,3
39406,3
40203,3
40310,3
40424,3
40499,3
40706,3
40752,3
40883,3
40895,3
40974,3
41029,3
41192,3
41234,3
42336,3
42675,3
42833,3
43071,3
44749,3
44753,3
47003,3
47603,3
47944,3
48736,3
49969,3
50081,3
50475,3
50668,3
51011,3
51026,3
51712,3
51956,3
51964,3
52281,3
54,3
5491,3
55540,3
55586,3
56090,3
57047,3
57276,3
57358,3
57523,3
58176,3
58313,3
58925,3
59143,3
59288,3
59,3
59536,3
59937,3
59978,3
60,3
61090,3
61847,3
63538,3
63567,3
63615,3
63624,3
63655,3
63668,3
63682,3
63693,3
63696,3
7215,3
73332,3
73362,3
73714,3
74059,3
74091,3
75792,3
75799,3
76502,3
76641,3
76719,3
77144,3
77488,3
77579,3
78201,3
78487,3
78753,3
78791,3
78821,3
79164,3
82391,3
82393,3
82946,3
82952,3
83405,3
83428,3
83435,3
83934,3
84343,3
84512,3
84621,3
84771,3
85056,3
85176,3
85485,3
85580,3
85672,3
85696,3
85823,3
85828,3
86184,3
86248,3
86570,3
86783,3
87953,3
88183,3
88291,3
88422,3
8913,3
89383,3
89669,3
89688,3
89691,3
90142,3
90248,3
91679,3
92,3
93505,3
93828,3
95378,3
95381,3
95492,3
95581,3
95785,3
95867,3
95994,3
95995,3
96299,3
96446,3
97004,3
97045,3
9708,3
97195,3
9729,3
9740,3
9745,3
9753,3
9761,3
9762,3
9763,3
9764,3
9768,3
9772,3
9773,3
98189,3
98573,3
99442,3
10110,2
101689,2
102572,2
10291,2
103950,2
104024,2
104322,2
104373,2
105047,2
105590,2
105785,2
106269,2
106279,2
106428,2
106437,2
106650,2
106670,2
10752,2
10790,2
107924,2
11015,2
111124,2
111207,2
111422,2
11254,2
112806,2
112870,2
112992,2
113153,2
113,2
113359,2
113387,2
113446,2
113561,2
113607,2
113682,2
11369,2
113797,2
113801,2
113874,2
113911,2
113940,2
114009,2
114081,2
114,2
114269,2
114562,2
114600,2
114630,2
114649,2
114700,2
114725,2
114970,2
115557,2
115684,2
116046,2
118672,2
118901,2
119188,2
119191,2
120191,2
120964,2
121062,2
121250,2
121262,2
121347,2
121666,2
12172,2
121754,2
121879,2
121917,2
122220,2
122448,2
122467,2
122626,2
12268,2
122952,2
123080,2
123151,2
123372,2
123533,2
12519,2
125338,2
12584,2
12588,2
12667,2
12710,2
127141,2
127153,2
127199,2
12898,2
12966,2
13038,2
13115,2
13269,2
13351,2
13627,2
13662,2
13682,2
13887,2
13930,2
13963,2
13986,2
14018,2
14080,2
14274,2
14340,2
14482,2
14578,2
15167,2
15470,2
15510,2
15692,2
16772,2
16947,2
17525,2
17701,2
18621,2
18790,2
18852,2
19330,2
19352,2
20037,2
20251,2
20629,2
20681,2
20708,2
21054,2
21122,2
21167,2
21536,2
21702,2
21821,2
21881,2
22068,2
22254,2
22270,2
22281,2
22317,2
22644,2
22693,2
22869,2
22938,2
22964,2
22965,2
22982,2
23055,2
24101,2
24896,2
26083,2
26136,2
26348,2
26542,2
26559,2
26680,2
27449,2
28671,2
28928,2
29483,2
29802,2
29831,2
30000,2
30053,2
30860,2
31429,2
31602,2
31774,2
31777,2
31865,2
32067,2
32507,2
32621,2
33118,2
33266,2
33284,2
33384,2
33475,2
33504,2
33513,2
33544,2
33547,2
33558,2
33810,2
34649,2
34808,2
34831,2
34977,2
35278,2
35377,2
36360,2
37003,2
3802,2
38935,2
40261,2
40304,2
40349,2
40525,2
40881,2
409,2
41040,2
41145,2
41217,2
41282,2
41354,2
41597,2
41839,2
41856,2
41936,2
42224,2
42462,2
42463,2
42591,2
42665,2
42719,2
42808,2
43743,2
43793,2
44320,2
44488,2
45045,2
47060,2
47727,2
48580,2
49256,2
49367,2
49455,2
49457,2
49549,2
49966,2
50002,2
50410,2
50414,2
50489,2
50747,2
51102,2
51174,2
51953,2
52124,2
52489,2
52672,2
53609,2
54429,2
54704,2
56087,2
5717,2
57383,2
57451,2
57458,2
57601,2
57759,2
57851,2
57894,2
57918,2
57926,2
57961,2
58062,2
58193,2
58195,2
58234,2
58245,2
58581,2
58825,2
59170,2
59530,2
59532,2
59655,2
59661,2
59744,2
59769,2
60224,2
60225,2
60647,2
61,2
61504,2
6213,2
62267,2
6286,2
62922,2
63185,2
63403,2
63526,2
63549,2
63551,2
63555,2
63658,2
63662,2
63704,2
73306,2
73307,2
73337,2
73351,2
73353,2
73359,2
73367,2
73835,2
73986,2
74623,2
74858,2
75,2
7528,2
75627,2
75782,2
75885,2
75887,2
75943,2
76087,2
76096,2
76267,2
76408,2
76528,2
76723,2
76873,2
77150,2
77266,2
77810,2
77868,2
78226,2
78844,2
79226,2
80240,2
80270,2
80365,2
80433,2
81524,2
82188,2
82190,2
82394,2
82925,2
82934,2
82935,2
82955,2
82993,2
84069,2
84307,2
84312,2
84364,2
84398,2
84457,2
84481,2
84755,2
84844,2
85004,2
85024,2
85041,2
85127,2
85132,2
85199,2
85797,2
85921,2
86084,2
86199,2
86473,2
86564,2
86669,2
87416,2
87464,2
90736,2
90888,2
91391,2
91393,2
92900,2
93457,2
95323,2
95364,2
95772,2
96199,2
9679,2
9684,2
97075,2
9711,2
97112,2
9716,2
9717,2
97180,2
9724,2
9749,2
9750,2
9751,2
9752,2
9755,2
9760,2
97619,2
9767,2
9770,2
9779,2
9780,2
98046,2
98340,2
98581,2
9932,2
102001,1
102292,1
10231,1
102544,1
102554,1
102567,1
102579,1
10265,1
103982,1
104023,1
104162,1
104503,1
104531,1
104535,1
104661,1
104798,1
104838,1
104851,1
10487,1
105116,1
105456,1
105550,1
105812,1
10602,1
10613,1
106195,1
10622,1
10625,1
106319,1
106492,1
10678,1
111153,1
111302,1
111348,1
111350,1
111559,1
111635,1
112074,1
112823,1
112954,1
112961,1
112963,1
112973,1
113061,1
113096,1
113254,1
113264,1
113291,1
113354,1
113436,1
113593,1
113606,1
113624,1
113686,1
113697,1
113720,1
113771,1
113796,1
113944,1
114014,1
114074,1
114114,1
114272,1
114321,1
114351,1
114395,1
114419,1
114453,1
114463,1
114515,1
114527,1
114680,1
114797,1
114933,1
115044,1
11530,1
115335,1
115441,1
115568,1
115679,1
115755,1
115817,1
115820,1
115910,1
115967,1
116016,1
116038,1
116093,1
116169,1
116342,1
116461,1
11682,1
117692,1
11799,1
118412,1
11882,1
119145,1
119695,1
119705,1
119706,1
119757,1
119892,1
120070,1
120135,1
120337,1
12060,1
120918,1
120934,1
120965,1
121018,1
12113,1
121435,1
121513,1
121544,1
121632,1
121766,1
12180,1
121849,1
12190,1
121927,1
121961,1
122429,1
122475,1
122658,1
122747,1
123138,1
12319,1
123222,1
123265,1
123266,1
123580,1
12595,1
12617,1
126209,1
126526,1
126536,1
126666,1
126789,1
127130,1
127157,1
127167,1
127169,1
127203,1
12758,1
12782,1
12841,1
12923,1
12924,1
12987,1
13008,1
13045,1
13100,1
13109,1
13330,1
13367,1
13540,1
13546,1
13565,1
13596,1
13617,1
13649,1
13670,1
13686,1
13786,1
13815,1
13853,1
13883,1
13975,1
13985,1
14039,1
14079,1
14345,1
1460,1
14804,1
14877,1
14904,1
14959,1
15027,1
15149,1
15217,1
15243,1
15619,1
15622,1
15684,1
15697,1
15701,1
16635,1
16761,1
16779,1
16799,1
16829,1
17033,1
17329,1
17712,1
17837,1
17920,1
18186,1
18361,1
18366,1
18408,1
18548,1
18612,1
18997,1
19240,1
19331,1
19332,1
19333,1
19355,1
1940,1
19824,1
20048,1
20659,1
20675,1
20727,1
20739,1
20803,1
20843,1
21001,1
21137,1
21203,1
21240,1
21275,1
21338,1
21355,1
21358,1
21523,1
21738,1
21930,1
22092,1
22193,1
22227,1
22243,1
22364,1
22480,1
22495,1
22573,1
22617,1
22773,1
22775,1
22813,1
22832,1
22925,1
23065,1
23497,1
23533,1
23541,1
23569,1
23571,1
23718,1
23735,1
24476,1
24688,1
24818,1
24894,1
25677,1
26075,1
26139,1
26272,1
26572,1
26694,1
27423,1
27433,1
27484,1
27905,1
28075,1
28282,1
28384,1
28594,1
28739,1
28796,1
29338,1
29464,1
29648,1
29901,1
30248,1
30273,1
30325,1
30516,1
30590,1
30826,1
31293,1
31661,1
31826,1
32167,1
32177,1
32202,1
32263,1
32382,1
32387,1
32389,1
32512,1
32544,1
32769,1
32851,1
32853,1
32856,1
32910,1
32930,1
32951,1
33095,1
33149,1
33183,1
33381,1
33527,1
33589,1
33630,1
33858,1
34080,1
34208,1
34470,1
34667,1
34757,1
34776,1
34802,1
34952,1
34969,1
35063,1
35064,1
35126,1
35291,1
35409,1
35838,1
36,1
3781,1
38394,1
38887,1
38938,1
38939,1
38983,1
39394,1
39444,1
40224,1
40259,1
40291,1
40419,1
40420,1
40718,1
40769,1
40835,1
40880,1
40930,1
41005,1
41174,1
41194,1
41296,1
41853,1
41899,1
41991,1
42107,1
42177,1
42247,1
42261,1
42345,1
42588,1
42601,1
43015,1
43050,1
43053,1
43069,1
44168,1
44399,1
45044,1
45806,1
47204,1
47257,1
47509,1
47566,1
47608,1
47737,1
47785,1
48118,1
48184,1
48470,1
49260,1
49280,1
49293,1
49359,1
49369,1
49388,1
49465,1
49755,1
49761,1
49842,1
50065,1
50077,1
50082,1
50116,1
50131,1
50256,1
50268,1
50274,1
50424,1
50470,1
50674,1
50696,1
50717,1
50726,1
50799,1
50811,1
50912,1
50923,1
50938,1
50996,1
51037,1
51077,1
51101,1
51154,1
51445,1
51470,1
51888,1
51919,1
51948,1
52306,1
52527,1
52528,1
52669,1
52787,1
52826,1
53729,1
53763,1
53975,1
53990,1
5437,1
54722,1
54877,1
55004,1
55302,1
55394,1
55398,1
55584,1
55587,1
56102,1
56107,1
56111,1
56133,1
56170,1
56332,1
56415,1
567,1
57243,1
57308,1
57360,1
57460,1
57503,1
57516,1
57538,1
57553,1
57616,1
57770,1
57787,1
57803,1
58000,1
58047,1
58,1
58147,1
58162,1
58275,1
583,1
58903,1
59100,1
59239,1
59296,1
59416,1
59452,1
59467,1
59549,1
59611,1
59669,1
59768,1
60916,1
6121,1
6130,1
61465,1
61474,1
61830,1
62,1
62961,1
63440,1
63541,1
63601,1
63613,1
63621,1
63623,1
63661,1
63663,1
63675,1
63711,1
63721,1
67,1
73287,1
73289,1
73295,1
73301,1
73303,1
73308,1
73317,1
73322,1
73323,1
73326,1
73344,1
73354,1
73365,1
73368,1
73378,1
73523,1
73817,1
73895,1
74114,1
74278,1
74392,1
74394,1
74549,1
75134,1
75684,1
75787,1
75794,1
75872,1
76188,1
76221,1
76280,1
76281,1
76303,1
76411,1
76431,1
76526,1
76616,1
76642,1
76678,1
76704,1
76705,1
76709,1
76721,1
76925,1
76930,1
77081,1
77235,1
77462,1
77495,1
77524,1
77533,1
77590,1
77610,1
77684,1
77769,1
77871,1
77956,1
78358,1
78443,1
78489,1
78771,1
78897,1
79067,1
79087,1
79137,1
79171,1
79280,1
79305,1
79349,1
79407,1
79418,1
7979,1
79846,1
80155,1
80412,1
80917,1
81142,1
81314,1
81553,1
82201,1
82253,1
82973,1
82996,1
83008,1
83652,1
84334,1
84337,1
84663,1
84703,1
84726,1
84738,1
8480,1
84866,1
84885,1
84956,1
84985,1
85000,1
85059,1
85102,1
85156,1
85216,1
85306,1
85342,1
85362,1
85426,1
85506,1
85798,1
85810,1
85818,1
85827,1
85847,1
85928,1
85968,1
86031,1
86111,1
86153,1
86297,1
8634,1
86417,1
86561,1
86568,1
86572,1
86665,1
86714,1
86782,1
86894,1
87101,1
87109,1
87137,1
87145,1
87604,1
88261,1
88500,1
88604,1
89281,1
89666,1
89687,1
89740,1
90320,1
90344,1
91088,1
91277,1
91509,1
91966,1
91971,1
92275,1
92532,1
93604,1
93644,1
94430,1
94883,1
95374,1
95469,1
95781,1
95841,1
95843,1
95887,1
96225,1
96271,1
96306,1
96405,1
96457,1
96459,1
96491,1
96722,1
96760,1
96805,1
9687,1
9689,1
9696,1
96974,1
9698,1
96985,1
9699,1
9712,1
9713,1
97148,1
97162,1
97174,1
9719,1
9720,1
9725,1
9731,1
9734,1
97455,1
9756,1
9765,1
9774,1
9814,1
98380,1
98550,1
9912,1
9919,1
99439,1
