6	0
8	1
16	2
17	3
20	4
21	5
22	6
24	7
25	8
26	9
27	10
28	11
29	12
30	13
31	14
32	15
33	16
34	17
35	18
60	19
61	20
62	21
63	22
64	23
65	24
66	25
67	26
68	27
69	28
70	29
75	30
76	31
77	32
78	33
83	34
85	35
86	36
90	37
91	38
94	39
96	40
99	41
100	42
101	43
102	44
103	45
104	46
106	47
112	48
113	49
117	50
118	51
119	52
120	53
121	54
122	55
123	56
125	57
126	58
129	59
10134	60
10135	61
10136	62
10138	63
10143	64
10144	65
10148	66
10150	67
10152	68
10155	69
10156	70
10157	71
10166	72
10171	73
10172	74
10175	75
10180	76
10181	77
10186	78
10192	79
10193	80
10194	81
10197	82
10200	83
10202	84
10203	85
10204	86
10206	87
10208	88
10210	89
10211	90
10212	91
10214	92
10215	93
10216	94
10217	95
10225	96
10227	97
10275	98
10405	99
10413	100
10648	101
10769	102
10789	103
10819	104
10856	105
10897	106
10904	107
10964	108
11038	109
11060	110
11100	111
11113	112
11127	113
11153	114
11337	115
11341	116
11488	117
11496	118
11500	119
11708	120
11807	121
12161	122
12576	123
13278	124
13336	125
13340	126
13375	127
13385	128
13394	129
13401	130
13402	131
13403	132
13404	133
13449	134
13454	135
13460	136
13462	137
13464	138
13467	139
13482	140
13547	141
13561	142
13563	143
13570	144
13626	145
13670	146
13798	147
13799	148
13809	149
13914	150
13920	151
13950	152
13999	153
14014	154
14015	155
14039	156
14150	157
14152	158
14153	159
14156	160
14157	161
14159	162
14160	163
14161	164
14163	165
14166	166
14185	167
14273	168
14282	169
14298	170
14301	171
14303	172
14305	173
14348	174
14379	175
14412	176
14437	177
14440	178
14441	179
14445	180
14481	181
14488	182
14508	183
14510	184
14511	185
14514	186
14515	187
14522	188
14523	189
14525	190
14527	191
14529	192
14570	193
14686	194
14687	195
14688	196
14695	197
14697	198
14700	199
14755	200
14762	201
14795	202
14801	203
14806	204
14939	205
14977	206
15011	207
15017	208
15061	209
15103	210
15118	211
15157	212
15230	213
15244	214
15303	215
15325	216
15345	217
15346	218
15399	219
15406	220
15434	221
15443	222
15482	223
15487	224
15489	225
15492	226
15531	227
15532	228
15549	229
15564	230
15587	231
15670	232
15772	233
15816	234
15880	235
15885	236
15888	237
15896	238
15962	239
15973	240
15985	241
15993	242
16090	243
16150	244
16286	245
16318	246
16321	247
16475	248
16514	249
16544	250
16590	251
16646	252
16648	253
16695	254
16763	255
16781	256
16783	257
16791	258
16894	259
16986	260
16991	261
17015	262
17037	263
17039	264
17048	265
17063	266
17073	267
17101	268
17165	269
17177	270
17249	271
17351	272
17386	273
17393	274
17409	275
17475	276
17506	277
17514	278
17582	279
17624	280
17663	281
17678	282
17684	283
17691	284
17696	285
17747	286
17751	287
17815	288
17835	289
18362	290
18365	291
18777	292
18899	293
18952	294
19089	295
19101	296
19147	297
19184	298
19834	299
20152	300
20396	301
20686	302
20721	303
21615	304
21617	305
21628	306
21695	307
21802	308
21899	309
21900	310
21901	311
21902	312
22620	313
22629	314
22630	315
22641	316
22647	317
22650	318
22668	319
22689	320
22692	321
22706	322
23074	323
23252	324
23281	325
23288	326
23587	327
23989	328
24157	329
24315	330
24338	331
24379	332
24418	333
24424	334
24433	335
24449	336
24454	337
24455	338
24479	339
24482	340
24488	341
24516	342
24518	343
24547	344
24551	345
24566	346
24623	347
24653	348
24673	349
24686	350
24726	351
24814	352
24861	353
24894	354
24909	355
24937	356
24950	357
24971	358
24987	359
25022	360
25046	361
25070	362
25095	363
25097	364
25116	365
25122	366
25150	367
25169	368
25202	369
25203	370
25215	371
25235	372
25258	373
25266	374
25278	375
25288	376
25299	377
25310	378
25327	379
25333	380
25389	381
25412	382
25415	383
25420	384
25425	385
25451	386
25474	387
25476	388
25481	389
25510	390
25532	391
25587	392
25628	393
25639	394
25681	395
25705	396
25780	397
25808	398
25846	399
25870	400
25957	401
25959	402
26063	403
26095	404
26212	405
26213	406
26226	407
26230	408
26234	409
26238	410
26241	411
26245	412
26246	413
26249	414
26268	415
26281	416
26351	417
26359	418
26362	419
26384	420
26385	421
26407	422
26423	423
26489	424
26554	425
26590	426
26592	427
26639	428
26674	429
26692	430
26722	431
26724	432
26754	433
26815	434
26833	435
26843	436
26959	437
26980	438
26981	439
27027	440
27063	441
27099	442
27100	443
27138	444
27139	445
27140	446
27141	447
27145	448
27146	449
27147	450
27149	451
27232	452
27234	453
27262	454
27267	455
27280	456
27287	457
27292	458
27324	459
27434	460
27435	461
27465	462
27486	463
27487	464
27650	465
27743	466
27983	467
28100	468
28107	469
28108	470
28110	471
28112	472
28116	473
28122	474
28123	475
28126	476
28143	477
28146	478
28167	479
28174	480
28177	481
28181	482
28182	483
28184	484
28192	485
28195	486
28197	487
28198	488
28215	489
28221	490
28776	491
28840	492
28892	493
29085	494
29100	495
29158	496
29630	497
29849	498
30328	499
30502	500
30558	501
30798	502
30938	503
31163	504
31209	505
31233	506
31978	507
32106	508
32476	509
32650	510
32757	511
32893	512
32894	513
33321	514
33473	515
33489	516
33490	517
33492	518
33494	519
33495	520
33496	521
33498	522
33499	523
33502	524
33505	525
33509	526
33514	527
33515	528
33518	529
33519	530
33520	531
33521	532
33522	533
33630	534
33708	535
34037	536
34475	537
34478	538
34479	539
34650	540
34715	541
34744	542
34770	543
34817	544
35608	545
35858	546
35863	547
36241	548
36246	549
36479	550
36543	551
36762	552
36764	553
36997	554
37334	555
37937	556
37939	557
37942	558
37944	559
37945	560
37947	561
37949	562
37982	563
37985	564
38283	565
38626	566
39101	567
39205	568
39976	569
40029	570
40792	571
40846	572
40968	573
40984	574
41024	575
41258	576
42107	577
42729	578
43301	579
43315	580
43340	581
43341	582
43350	583
43357	584
43358	585
43359	586
43360	587
43405	588
43416	589
43420	590
43423	591
43519	592
43546	593
43583	594
43646	595
43872	596
43881	597
43885	598
43947	599
43949	600
43975	601
43997	602
44111	603
44112	604
44115	605
44119	606
44120	607
44125	608
44260	609
44369	610
44394	611
44398	612
44448	613
44468	614
44474	615
44479	616
44482	617
44483	618
44486	619
44529	620
44597	621
44644	622
44645	623
44646	624
44655	625
44657	626
44692	627
44959	628
45003	629
45019	630
45061	631
45072	632
45260	633
45269	634
45282	635
45302	636
45303	637
45356	638
45363	639
45396	640
45440	641
45445	642
45490	643
45506	644
45522	645
45528	646
45546	647
45846	648
45920	649
46048	650
46572	651
46745	652
46753	653
46948	654
47000	655
47213	656
47240	657
47252	658
47440	659
47547	660
47644	661
47657	662
47712	663
48330	664
48333	665
49639	666
50125	667
51438	668
51878	669
51880	670
52261	671
52610	672
52620	673
52633	674
52638	675
52645	676
52663	677
53576	678
53657	679
54300	680
54323	681
54364	682
54463	683
54502	684
54531	685
54549	686
54550	687
54658	688
54711	689
54881	690
54896	691
54936	692
54957	693
55008	694
55108	695
55137	696
55141	697
55156	698
55190	699
55266	700
55287	701
55298	702
55466	703
55471	704
55522	705
55538	706
55619	707
55769	708
55845	709
55882	710
55948	711
56242	712
56348	713
56357	714
56381	715
56382	716
56396	717
56402	718
56639	719
56670	720
56689	721
56722	722
56839	723
56861	724
56978	725
57062	726
57097	727
57138	728
57139	729
57140	730
57148	731
57226	732
57237	733
57289	734
57429	735
57459	736
57478	737
57479	738
57627	739
57989	740
58007	741
58034	742
58041	743
58049	744
58050	745
58051	746
58064	747
61294	748
62560	749
65159	750
66795	751
68082	752
68312	753
68670	754
68681	755
68715	756
68719	757
68780	758
68902	759
68918	760
68965	761
68967	762
69066	763
69257	764
69370	765
70041	766
71165	767
71184	768
71235	769
71249	770
71274	771
71275	772
71284	773
71291	774
71292	775
71293	776
71294	777
71331	778
71339	779
71341	780
71352	781
71354	782
71357	783
71372	784
71451	785
71453	786
71495	787
71547	788
71561	789
71691	790
71692	791
71702	792
71733	793
71805	794
71810	795
71843	796
71896	797
71907	798
71908	799
71909	800
72043	801
72045	802
72046	803
72049	804
72053	805
72054	806
72059	807
72078	808
72093	809
72094	810
72116	811
72176	812
72191	813
72194	814
72195	815
72209	816
72240	817
72303	818
72328	819
72331	820
72332	821
72336	822
72368	823
72382	824
72402	825
72408	826
72413	827
72418	828
72420	829
72422	830
72463	831
72496	832
72500	833
72578	834
72579	835
72580	836
72585	837
72587	838
72592	839
72654	840
72655	841
72662	842
72698	843
72869	844
72890	845
72893	846
72953	847
72980	848
72995	849
73049	850
73079	851
73123	852
73134	853
73194	854
73200	855
73216	856
73235	857
73236	858
73237	859
73261	860
73297	861
73316	862
73326	863
73356	864
73379	865
73381	866
73403	867
73423	868
73440	869
73447	870
73456	871
73480	872
73563	873
73731	874
73775	875
73777	876
73788	877
73854	878
73869	879
73885	880
73950	881
73982	882
73995	883
74215	884
74235	885
74368	886
74471	887
74529	888
74532	889
74539	890
74541	891
74588	892
74679	893
74681	894
74687	895
74763	896
74795	897
74882	898
74887	899
74891	900
74936	901
74960	902
74970	903
75001	904
75075	905
75147	906
75155	907
75174	908
75186	909
75245	910
75292	911
75344	912
75374	913
75479	914
75524	915
75573	916
75578	917
75584	918
75591	919
75646	920
75736	921
76264	922
77522	923
77573	924
78038	925
78059	926
78068	927
78595	928
78630	929
79010	930
79030	931
79372	932
79528	933
79713	934
79739	935
79811	936
79812	937
79813	938
79814	939
80543	940
80544	941
80554	942
80555	943
80572	944
80595	945
80607	946
80621	947
80806	948
81070	949
81170	950
81242	951
81466	952
81506	953
82298	954
82308	955
82314	956
82336	957
82342	958
82358	959
82367	960
82370	961
82372	962
82373	963
82397	964
82436	965
82465	966
82483	967
82484	968
82493	969
82529	970
82592	971
82645	972
82721	973
82734	974
82815	975
82835	976
82857	977
82903	978
82942	979
82966	980
83017	981
83036	982
83057	983
83071	984
83090	985
83126	986
83188	987
83200	988
83221	989
83230	990
83339	991
83353	992
83405	993
83456	994
83470	995
83472	996
83505	997
83512	998
83553	999
83564	1000
83606	1001
83684	1002
83703	1003
83816	1004
83922	1005
84176	1006
84180	1007
84199	1008
84221	1009
84230	1010
84291	1011
84315	1012
84316	1013
84417	1014
84458	1015
84569	1016
84623	1017
84656	1018
84773	1019
84832	1020
84912	1021
84914	1022
84939	1023
84996	1024
85031	1025
85069	1026
85072	1027
85073	1028
85082	1029
85084	1030
85168	1031
85171	1032
85203	1033
85223	1034
85224	1035
85260	1036
85364	1037
85393	1038
85412	1039
85912	1040
85922	1041
85923	1042
85941	1043
85968	1044
85971	1045
85975	1046
85977	1047
85983	1048
85984	1049
85985	1050
85998	1051
86001	1052
86732	1053
87934	1054
87974	1055
88220	1056
89228	1057
89777	1058
90389	1059
90393	1060
90405	1061
91189	1062
92306	1063
92880	1064
93292	1065
94132	1066
94163	1067
94555	1068
94886	1069
95629	1070
96016	1071
96049	1072
96050	1073
96052	1074
96054	1075
96056	1076
96057	1077
96058	1078
96060	1079
96061	1080
96062	1081
96064	1082
96065	1083
96066	1084
96068	1085
96069	1086
96070	1087
96071	1088
96072	1089
96073	1090
96074	1091
96075	1092
96076	1093
96077	1094
96078	1095
96080	1096
96081	1097
96082	1098
96083	1099
96084	1100
96085	1101
96086	1102
96087	1103
96088	1104
96089	1105
96090	1106
96091	1107
96092	1108
96093	1109
96094	1110
96095	1111
96096	1112
96097	1113
96098	1114
96100	1115
96101	1116
96102	1117
96103	1118
96104	1119
96105	1120
96106	1121
96107	1122
96108	1123
96109	1124
96110	1125
96111	1126
96112	1127
96114	1128
96115	1129
