10180	2.0
10215	1.0
10874	55.6
15839	40.26923076923077
24814	124.0
43359	6.0
44973	2.0
45544	2.0
52648	2.0
52695	2.0
56454	2.0
71	0.436
73521	7.0
75288	6.0
82483	11.0
83232	20.0
84291	19.0
12979	505.0
15166	280.2
20721	234.75
22642	402.0
25022	73.8
25339	42.833333333333336
25425	37.666666666666664
47652	1.0
56360	2.0
58050	12.0
62471	6.0
68726	12.0
74562	4.0
74983	10.0
75736	14.0
82823	18.0
96050	593.0
96084	9.0
10147	2.0
11488	184.72413793103448
119	0.27
15364	113.05
17678	68.0
43872	2.0
43909	2.0
44242	1.0
47526	2.0
47712	2.0
55113	2.0
68965	14.0
71909	6.0
74730	14.0
75478	12.0
15134	44.666666666666664
27145	29.65483870967742
28171	24.0
31846	312.0
49107	2.0
51413	2.0
53669	1.0
54668	3.0
55419	2.0
56722	2.0
56839	3.0
66197	1.0
70179	15.0
71225	12.0
71453	42.0
73462	15.0
73870	8.0
75654	11.0
80543	11.0
82686	14.0
98	0.0
10210	2.0
13449	23.76923076923077
25481	16.333333333333332
26590	28.0
46700	2.0
46703	3.0
52610	3.0
54645	7.0
71692	1.0
73194	18.0
73611	21.0
75	0.411
85235	6.0
127	0.241
14046	42.0
16900	52.33064516129032
20168	285.0
23324	415.3529411764706
28126	9.0
34817	4.0
37949	38.0
41290	1.0
44055	2.0
73061	9.0
80539	10.0
82484	9.0
83042	15.0
10179	1.0
113	0.6
13441	43.0
17755	45.142857142857146
22268	210.91666666666666
22890	288.4
26815	29.0
28165	13.5
30	7.0
40944	2.0
42130	1.0
43420	2.0
44484	1.0
44954	2.0
52041	1.0
52995	2.0
71351	1.0
71495	10.0
73221	21.0
73911	8.0
74437	18.0
74970	6.0
75147	14.0
83518	32.0
10189	1.0
11275	270.6666666666667
14223	29.080459770114942
15457	193.66666666666666
20396	197.6206896551724
25128	61.0
26639	65.85714285714286
26692	29.8265306122449
26843	40.61538461538461
40181	3.0
40222	2.0
44121	1.0
45574	3.0
46212	2.0
47662	2.0
52150	1.0
55223	1.0
56526	2.0
70866	15.0
71274	16.0
73182	7.0
73298	12.0
10856	141.27272727272728
13406	8.0
13451	148.33333333333334
15103	65.28888888888889
15114	105.0
19269	297.6842105263158
40716	1.0
47047	3.0
52246	2.0
56368	2.0
57135	3.0
71294	5.0
80401	17.0
85928	2.0
120	0.409
13310	21.333333333333332
14298	28.06896551724138
14445	11.0
17389	35.09090909090909
24449	46.184615384615384
43423	5.0
45127	1.0
45422	2.0
45628	2.0
46819	2.0
47781	3.0
72555	8.0
76994	6.0
79814	9.0
82589	12.0
83682	11.0
84656	17.0
96116	6.0
14442	21.0
14664	60.0
16514	66.57575757575758
17663	40.0
21615	285.1333333333333
31163	9194.0
40844	2.0
41749	2.0
42729	2.0
43397	2.0
55948	2.0
56933	2.0
57234	1.0
57299	2.0
74060	7.0
82806	19.0
96089	3.0
10217	1.0
11034	94.0
16755	40.5
25299	56.42857142857143
31634	414.0
41031	2.0
45123	2.0
47711	1.0
55254	2.0
58037	6.0
69588	11.0
69858	15.0
73123	9.0
74882	1.0
80043	5.0
82252	24.0
84417	20.0
96101	10.0
10225	1.0
116	0.299
14523	25.857142857142858
14692	17.375
15565	134.0
15962	64.5
16475	72.69954904171364
16738	40.29824561403509
17147	50.0
26401	41.5
32	80.0
46048	2.0
47300	2.0
51879	3.0
68286	22.0
72579	11.0
73567	19.0
83057	16.0
83110	15.0
83188	14.0
83200	13.0
84654	22.0
11257	116.0
129	0.278
14301	17.2
14437	40.0
25474	48.8
27132	45.75
44915	1.0
53348	2.0
54653	2.0
55539	1.0
55909	2.0
71501	17.0
72970	22.0
73079	9.0
73885	20.0
80397	27.0
82580	13.0
84645	12.0
85393	8.0
96106	592.0
107	0.284
110	0.243
14185	30.0
15154	51.0
17696	47.0
44402	2.0
44470	1.0
44482	1.0
45944	1.0
51279	2.0
71881	9.0
72094	17.0
72580	11.0
75481	11.0
84763	47.0
10168	2.0
10190	1.0
12938	53.3
13394	21.25
16857	23.61904761904762
17039	52.8
20369	403.27272727272725
21624	128.2
25127	27.8796992481203
26531	56.5
33257	63.0
45073	1.0
46058	2.0
51443	2.0
72662	6.0
73049	22.0
84180	16.0
85236	33.0
10	2.147483648E10
14514	124.0
16319	64.76470588235294
17150	49.0
26310	31.0
29028	60.421052631578945
42480	2.0
45842	2.0
47469	2.0
51592	3.0
54464	2.0
55173	2.0
56978	2.0
73396	7.0
75384	11.0
10163	1.0
10187	1.0
10474	74.87692307692308
16630	89.04672897196262
17517	66.2
37943	26.5
40799	2.0
41880	2.0
55893	2.0
58040	1.0
77591	4.0
96087	1.0
96112	1109.0
10169	2.0
11048	162.0
13563	11.11111111111111
22698	714.4
24338	40.77777777777778
25780	56.0
43398	2.0
44441	2.0
45415	2.0
52635	2.0
55630	2.0
5859	1.0
71292	3.0
72046	6.0
72196	8.0
73496	8.0
83843	8.0
85032	22.0
13820	30.355555555555554
15168	84.46153846153847
19191	290.0
22626	334.0
24479	50.76271186440678
25870	38.97735849056604
29	6.0
44566	2.0
46858	1.0
56238	2.0
56689	3.0
69	0.357
70064	6.0
72500	7.0
74753	7.0
74979	13.0
14363	36.55555555555556
24547	52.97560975609756
25510	73.77777777777777
41132	2.0
41557	4.0
42744	2.0
45310	3.0
45808	2.0
45955	2.0
46699	1.0
51018	1.0
55578	2.0
57148	4.0
73972	10.0
74416	31.0
83938	6.0
96057	3.0
13920	19.0
37281	74.0
42932	4.0
44725	2.0
49049	2.0
57290	2.0
71291	87.0
72045	5.0
75042	17.0
85160	17.0
96076	103.0
96095	2.0
10199	1.0
103	0.4
15481	37.888888888888886
38	1299.0
40	297.0
43940	2.0
45506	3.0
45879	2.0
51636	1.0
58735	3.0
73326	5.0
76747	9.0
82602	20.0
10183	1.0
115	0.237
14273	36.0
43417	1.0
68958	45.0
72578	3.0
81506	7.0
82	0.461
82361	16.0
85968	9.0
25404	49.0
25415	59.0
40360	2.0
57097	3.0
75280	12.0
97	0.0
10166	2.0
16318	35.80548302872063
18956	422.55555555555554
30938	29.466666666666665
41065	2.0
44408	2.0
44653	1.0
45841	2.0
58069	1.0
68650	9.0
77360	18.0
82734	22.0
84483	28.0
85080	35.0
96115	13.0
14003	16.3
14407	46.1
15204	30.0
17386	63.333333333333336
28189	57.15555555555556
33496	13.0
33515	69.0
42710	2.0
44160	2.0
46607	4.0
47067	2.0
52605	2.0
73235	2.0
96	0.0
11191	34.0
14166	25.0
17490	41.0
25959	71.2
42245	2.0
43315	1.0
55129	2.0
56058	2.0
71937	53.0
72	0.253
72408	15.0
73244	12.0
74	0.002
74438	10.0
74883	24.0
78084	36.0
83349	12.0
10171	1.0
12649	56.41379310344828
12858	76.66666666666667
13454	51.0
15291	40.0
15575	79.45454545454545
26359	62.2
40736	3.0
41444	2.0
43517	4.0
46482	4.0
52670	2.0
55298	2.0
56649	2.0
57139	18.0
62267	1.0
74679	7.0
82592	51.0
10192	2.0
102	0.653
10224	1.0
17830	44.666666666666664
24488	59.333333333333336
27100	60.0
38310	520.0
41421	2.0
41753	2.0
45444	2.0
47507	2.0
56004	1.0
57459	6.0
75112	8.0
108	0.213
117	0.041
14806	60.0
16441	62.16901408450704
19861	435.90909090909093
21902	707.25
27299	254.2
33321	32.0
44003	4.0
46314	2.0
46654	4.0
54881	2.0
77226	20.0
82857	21.0
83163	19.0
15169	78.0
15181	34.0
19953	295.0
24564	41.1764705882353
27147	42.21782178217822
33490	12.0
41083	9.0
43350	3.0
47011	2.0
56381	2.0
69066	6.0
72052	4.0
72209	13.0
83354	5.0
19102	505.0
21209	438.0
28143	12.0
33473	34.0
41051	3.0
47325	2.0
54736	4.0
72405	17.0
75045	18.0
75308	9.0
75374	23.0
10211	2.0
14302	108.91803278688525
17444	42.14705882352941
25639	38.0
43962	2.0
45287	4.0
45673	4.0
47450	2.0
49060	2.0
50343	2.0
55	3.0
70041	16.0
73869	10.0
79528	11.0
80991	27.0
82721	11.0
21899	551.4125
23573	290.0
24683	74.1
25629	16.424242424242426
33518	11.0
34507	2311.0
43627	2.0
45935	2.0
57005	4.0
72588	17.0
73546	14.0
84217	10.0
85071	17.0
88734	97.0
96103	2.0
14163	3.0
16785	31.8
21422	330.4
29155	549.0
44011	1.0
44216	2.0
46745	3.0
46796	3.0
47301	2.0
54020	2.0
54591	2.0
55986	2.0
56051	2.0
56382	3.0
56549	2.0
56898	2.0
71451	23.0
71805	3.0
73607	10.0
84832	13.0
85073	179.0
96099	2.0
10133	1.0
13460	12.0
14525	73.67307692307692
15420	46.129629629629626
22629	206.46666666666667
27274	25.05263157894737
33521	31.0
37228	15.0
43768	2.0
44261	2.0
45252	2.0
56519	7.0
56829	2.0
80602	15.0
85983	25.0
96098	13007.0
10233	1.0
19454	134.34939759036143
24606	27.766666666666666
25288	54.333333333333336
31209	370.0
43519	4.0
46434	3.0
55668	2.0
56207	2.0
68161	30.0
68294	30.0
71284	7.0
72050	10.0
74637	10.0
83405	6.0
10221	1.0
106	0.249
11080	78.0
27234	11.857142857142858
27300	18.45
36104	1003.0
47311	1.0
52694	3.0
56957	2.0
57046	2.0
67	0.397
72413	10.0
80450	5.0
80806	7.0
82434	14.0
10196	2.0
10851	82.0
17771	31.0
40686	2.0
42959	4.0
44547	2.0
45282	2.0
49	122.0
52109	1.0
54663	2.0
57140	2.0
73188	9.0
74693	4.0
83221	20.0
86669	24.0
96065	2.0
14015	70.5
16648	92.14814814814815
21049	323.0
21901	375.5
26370	72.375
33708	420.0
36543	1759.0
41011	2.0
43227	1.0
57235	3.0
73480	20.0
83262	19.0
83922	63.0
84282	5.0
84518	24.0
85998	2.0
9382	1.0
96049	3.0
96073	12.0
14383	39.74576271186441
22063	285.5
24673	43.142857142857146
24726	56.833333333333336
25116	65.2
27027	41.0
34340	1573.0
43330	3.0
44764	2.0
44996	3.0
49624	2.0
50104	2.0
52609	3.0
54438	2.0
71357	23.0
72382	18.0
75386	11.0
84221	14.0
10165	1.0
10303	61.383363471971066
16018	68.0
23360	277.06666666666666
23587	708.4175824175824
45493	2.0
46219	2.0
52629	2.0
54787	2.0
56306	4.0
66193	1.0
68670	18.0
68878	12.0
96092	12.0
10322	23.5
14608	23.73170731707317
15078	115.46666666666667
17037	54.14942528735632
44471	2.0
68263	21.0
68706	9.0
71804	4.0
84143	12.0
96113	2.0
25379	32.0
47460	2.0
53	630.0
54361	2.0
70414	7.0
71561	8.0
74529	11.0
77359	21.0
82271	18.0
11337	54.0
15603	31.32
17487	41.87096774193548
36997	498.6286231884058
43870	2.0
47064	1.0
52687	2.0
56659	2.0
64645	2.0
14282	18.5
14323	39.357142857142854
14524	8.333333333333334
22673	774.9047619047619
44291	1.0
49657	1.0
71812	3.0
72387	10.0
72556	13.0
73316	12.0
15504	55.25
15564	74.77586206896552
18957	682.2
26057	73.0
26249	54.42307692307692
27152	39.4
40193	3.0
48748	2.0
52622	3.0
68848	8.0
96111	4.0
10994	71.5
13927	29.5
25677	63.0
26592	30.92
26722	113.0
41030	2.0
68529	22.0
77006	5.0
84773	51.0
96061	2.0
12297	73.23255813953489
14481	26.0
19321	51.333333333333336
25756	27.2
26063	26.0
26713	44.0
40029	1030.0
50370	2.0
56711	2.0
56822	1.0
64791	3.0
70942	7.0
71251	11.0
74891	18.0
75075	12.0
82295	11.0
82400	14.0
82495	10.0
84161	16.0
84569	48.0
10185	1.0
14045	34.8
15230	477.1
20152	587.5086705202312
25186	82.33333333333333
25266	67.5
28205	19.0
43362	2.0
45260	5.0
45629	3.0
46195	1.0
52940	2.0
54936	2.0
57986	1.0
62458	1.0
70	0.424
73478	9.0
79813	9.0
85075	12.0
91433	1.0
13403	8.823529411764707
14576	23.0
15506	99.33333333333333
16270	37.38461538461539
16646	91.90705128205128
17257	64.0
17475	57.77777777777778
17609	47.041666666666664
22630	314.9230769230769
23234	357.0
24519	62.0
25903	96.95180722891567
26642	69.0
27136	31.41860465116279
43418	1.0
46163	1.0
49582	1.0
50696	2.0
52638	2.0
72055	1.0
72654	11.0
73216	17.0
73950	8.0
75563	11.0
86003	2.0
15723	47.806451612903224
21428	273.0
24337	25.0
24440	91.1
26351	35.0
28219	5.9
52671	2.0
57133	3.0
59609	3.0
71199	9.0
71235	9.0
71774	15.0
72328	14.0
74887	5.0
77546	5.0
78505	6.0
10184	1.0
14683	18.0
23255	608.0
24452	64.17647058823529
28892	670.0
44147	2.0
44535	1.0
45451	2.0
46653	2.0
57289	3.0
62	0.337
96052	22.0
14451	43.25
14570	276.0444444444444
17760	51.0
25070	46.0
25138	31.0
44257	3.0
46220	1.0
52516	1.0
55276	2.0
56584	3.0
71733	6.0
75049	16.0
77007	3.0
79599	6.0
80572	9.0
96063	1.0
10200	1.0
10229	1.0
10739	43.142857142857146
13950	14.666666666666666
15489	80.0
15850	89.2
24611	163.9142857142857
24721	57.55555555555556
25333	18.5
33499	1215.0
45469	2.0
69192	22.0
77174	4.0
10413	42.72586872586873
11060	55.0
13392	39.4468085106383
14156	15.522361359570661
15325	102.0
24610	47.10344827586207
24909	55.333333333333336
44479	2.0
45438	2.0
45450	2.0
46164	2.0
54596	2.0
71161	7.0
74783	3.0
74998	6.0
80887	5.0
96090	967.0
10219	1.0
17673	49.5625
21449	433.94736842105266
25188	51.2
26245	49.68292682926829
40822	2.0
43974	3.0
44621	3.0
47026	2.0
47716	2.0
55008	2.0
79213	8.0
79536	6.0
80567	14.0
83303	9.0
84176	17.0
85069	12.0
96083	1.0
13626	41.0
13932	7.333333333333333
15511	285.0
16986	31.0
22484	212.0
31533	45.5
34	109.0
44182	3.0
44468	3.0
47650	1.0
55185	1.0
55620	1.0
55748	2.0
82579	41.0
82835	7.0
84980	11.0
94131	3.0
14691	30.0
19136	445.3333333333333
35738	55.666666666666664
44275	2.0
56819	1.0
68297	12.0
73973	9.0
75479	14.0
85072	633.0
96059	1.0
14647	70.79285714285714
16849	42.458083832335326
17249	38.0
28221	3.0
52621	4.0
56554	2.0
63707	5.0
13914	11.75
15535	127.25
15718	50.145833333333336
16019	65.5
16237	58.0
16783	124.0
30108	11.905882352941177
44658	1.0
44714	2.0
47129	2.0
51217	2.0
55950	2.0
57372	2.0
71874	24.0
75591	22.0
77758	5.0
79347	6.0
82469	14.0
14107	45.8
14529	28.661016949152543
15074	156.5
17409	29.5
24551	46.75
25310	43.5
28100	4.166666666666667
34728	203.0
34734	429.0
45145	2.0
45533	2.0
49926	2.0
62466	2.0
69683	6.0
96081	2.0
13738	30.0
14153	32.714285714285715
27233	38.6
27287	46.0472972972973
40227	4.0
42177	4.0
55108	2.0
80929	10.0
84960	37.0
105	0.312
15165	152.75
24802	27.944444444444443
25548	89.0
25904	64.0
27149	47.782051282051285
27267	38.75
43583	1.0
44340	2.0
44728	2.0
47478	2.0
56587	2.0
57131	3.0
69128	44.0
74330	9.0
74480	14.0
96091	2.0
10188	1.0
14014	32.21052631578947
14332	12.88888888888889
22665	613.0
22674	485.7741935483871
26823	25.0
26959	48.0
40752	3.0
43561	2.0
47049	2.0
47346	2.0
57989	22.0
58039	1.0
73775	9.0
75524	16.0
82257	15.0
84230	27.0
84912	3.0
125	0.33
16639	121.4099244875944
17835	56.54545454545455
25532	67.70967741935483
28039	83.0
43341	4.0
54559	2.0
72890	8.0
74745	12.0
84212	13.0
13799	19.0
16523	133.4
17151	47.75
17561	39.0
20131	170.83333333333334
26981	40.0
45046	2.0
47226	2.0
51594	3.0
54987	2.0
56330	2.0
56367	2.0
56720	3.0
68733	12.0
74248	10.0
75404	10.0
77041	6.0
78	0.026
10218	1.0
11473	50.0
16444	48.92403746097815
26826	21.0
27006	277.9435294117647
40685	1.0
43370	1.0
45321	2.0
47641	3.0
53528	2.0
55619	2.0
56742	2.0
71702	9.0
72337	2.0
73455	14.0
74633	10.0
82493	11.0
83456	18.0
96062	858.0
14052	59.0
14510	26.0
14766	44.5
15295	43.0
15714	60.0
17214	40.0
22901	532.25
34341	931.0
46025	2.0
54711	2.0
55859	3.0
56303	2.0
69017	81.0
73349	8.0
76861	6.0
80544	12.0
80564	9.0
85170	14.0
92306	1.0
96064	15.0
13918	13.0
14039	58.333333333333336
15997	52.45454545454545
17381	24.083333333333332
21802	385.04545454545456
26226	52.166666666666664
33502	39.0
44394	4.0
45066	2.0
45382	3.0
46595	2.0
47000	3.0
54901	2.0
79	0.343
80874	5.0
85171	4.0
12340	38.75
14316	28.0
17624	57.0
26936	48.0
27115	31.157635467980295
34721	176.0
45092	2.0
46110	2.0
56248	2.0
83991	6.0
92725	13.0
17104	48.666666666666664
17335	49.0
25202	33.96621621621622
25429	70.16
26663	49.44
28122	656.0
43551	1.0
44910	2.0
45843	2.0
53239	2.0
54706	2.0
54923	2.0
55415	2.0
66	0.333
69076	7.0
73026	26.0
75573	18.0
80588	9.0
83920	8.0
10150	2.0
10152	1.0
10178	1.0
16636	56.08571428571429
21468	442.0
33494	33.6
43390	2.0
45464	2.0
45797	2.0
56246	2.0
72591	1.0
74681	7.0
80540	10.0
10205	1.0
15330	169.40677966101694
18362	665.5238095238095
25846	47.76
28174	16.5
44118	1.0
44398	1.0
44528	3.0
46413	2.0
5	23.0
55114	2.0
56585	2.0
68918	13.0
71989	14.0
72342	5.0
83472	20.0
85228	7.0
86001	2.0
10144	1.0
16742	48.08256880733945
17015	32.0
23030	588.8333333333334
24576	61.72727272727273
25995	72.0
33489	43.0
44282	2.0
44642	1.0
45677	3.0
52633	2.0
54337	2.0
54465	2.0
54466	2.0
56287	2.0
70303	5.0
72581	11.0
73011	4.0
73335	8.0
73356	12.0
74936	13.0
74981	26.0
75575	60.0
75731	24.0
82597	13.0
88	0.0
10177	1.0
10203	1.0
15492	43.0
16590	65.0
24565	41.0
25198	36.13333333333333
26918	36.0
37937	31.0
41393	3.0
43955	2.0
44233	2.0
45439	1.0
46549	2.0
57226	2.0
71296	9.0
82298	13.0
83398	22.0
10157	1.0
128	0.11
15922	35.0
22970	366.0
23	3.0
24885	53.833333333333336
25001	36.0
26489	50.09836065573771
41	263.0
47676	2.0
47680	2.0
58067	1.0
72167	9.0
73237	11.0
73398	8.0
10197	1.0
25	24.5412
39406	459.0
43405	2.0
46400	2.0
52620	3.0
58028	1.0
68156	14.0
75577	11.0
24894	62.38
33492	6.0
41128	2.0
43301	2.0
44403	1.0
44641	1.0
45327	5.0
45490	2.0
47141	2.0
54424	2.0
57978	1.0
69062	24.0
72053	2.0
72575	4.0
79811	13.0
96102	2398.0
19475	335.7916666666667
19684	199.83333333333334
22641	289.6545454545454
32130	385.0
41024	4.0
41752	2.0
46031	1.0
57223	1.0
57301	2.0
72331	7.0
84572	36.0
85941	3.0
10280	74.48630136986301
10382	199.07407407407408
14097	67.95588235294117
14422	40.642857142857146
25237	54.0
33509	27.0
43369	1.0
43410	1.0
45124	2.0
55032	2.0
55123	2.0
68993	29.0
80605	12.0
12161	155.33333333333334
13464	64.53082191780823
13840	25.0
24040	393.5
24678	43.56603773584906
25068	100.82352941176471
26013	21.22222222222222
44	349.0
48928	2.0
55225	2.0
55264	2.0
10174	2.0
10176	1.0
10421	36.41436464088398
33376	32.2
33895	10067.0
40424	2.0
44453	1.0
56283	2.0
68902	50.0
69355	8.0
73073	4.0
74945	5.0
94127	3.0
13389	88.41666666666667
13401	23.25
14706	62.25
22651	575.5882352941177
24668	46.42857142857143
45363	5.0
46753	3.0
47639	3.0
55955	2.0
57138	25.0
68619	10.0
71303	13.0
13402	15.142857142857142
15628	142.0
24481	122.5
45115	4.0
47666	2.0
55820	2.0
72056	1.0
73046	7.0
76	0.0
78059	18.0
10825	61.425925925925924
13913	13.0
17746	28.0
21495	88.0
25847	59.54545454545455
25850	42.074074074074076
32960	22.0
42891	1.0
44720	2.0
47374	2.0
47797	2.0
72116	21.0
73	0.221
73261	50.0
74215	7.0
87	0.0
96086	5965.0
10230	1.0
13385	135.0
13467	141.04843304843305
15115	44.0
25020	33.333333333333336
25957	60.57142857142857
26286	50.77777777777778
37334	253.0
44483	3.0
46038	1.0
49834	2.0
50141	3.0
58051	5.0
73219	8.0
82358	4.0
82645	18.0
84336	11.0
40914	2.0
41208	2.0
46856	1.0
47644	8.0
54896	2.0
55411	2.0
77096	6.0
85233	17.0
10213	1.0
16073	41.68181818181818
27370	43.0
37936	15.0
43345	2.0
45303	5.0
47590	2.0
48	122.0
54813	1.0
55405	2.0
55835	3.0
69966	7.0
70893	16.0
71629	15.0
71810	2.0
73965	5.0
75415	14.0
80587	11.0
10222	1.0
15088	124.49350649350649
15480	117.5
19639	553.375
21304	256.8333333333333
37	156.0
44320	2.0
53198	2.0
58027	1.0
74164	7.0
82870	21.0
90400	2.0
10206	1.0
13594	46.333333333333336
17360	78.22222222222223
44692	3.0
45364	3.0
45378	1.0
52953	2.0
55823	2.0
57062	4.0
71257	13.0
83094	10.0
85084	32.0
90393	2.0
96071	13.0
10143	2.0
11806	82.66666666666667
13434	48.833333333333336
18898	282.53333333333336
22486	226.0
22689	568.5
25286	73.2
41691	4.0
50	4.48
62468	1.0
68787	64.0
80595	12.0
83090	19.0
84753	19.0
85922	2.0
96070	33422.0
11934	52.0
13604	44.30769230769231
14322	34.0
14700	5.0
15670	190.66666666666666
16695	90.77391304347826
19851	337.5
22654	694.6258741258741
25628	57.285714285714285
43442	2.0
54503	1.0
55491	2.0
56016	1.0
56296	3.0
73203	13.0
75614	10.0
81959	5.0
96094	4247.0
10204	1.0
14695	12.0
17815	52.92307692307692
25587	44.0
26300	45.792682926829265
40792	2.0
44645	2.0
44647	3.0
45112	2.0
45513	2.0
69378	10.0
72078	15.0
85223	18.0
14688	30.5
25360	36.0
26241	82.5
47178	1.0
53236	2.0
57146	6.0
58007	2.0
62459	1.0
68115	21.0
69228	8.0
71517	7.0
73780	10.0
80607	16.0
84623	16.0
85971	21.0
87882	1.0
11079	113.6923076923077
14938	44.0
25258	32.0
30502	4.0
40363	2.0
47002	2.0
58041	1.0
74097	11.0
8	7.0
84316	4.0
85962	2.0
96055	1.0
10214	2.0
11131	350.6678787878788
15392	220.2
17505	36.0
25859	65.93103448275862
41436	4.0
43317	3.0
44369	2.0
46977	2.0
52630	3.0
54535	2.0
56402	2.0
68127	24.0
72418	3.0
74960	10.0
12758	25.5
13414	151.5
13809	65.0
16797	156.0
25831	48.354838709677416
28184	18.2
40269	1.0
46626	2.0
47773	1.0
79739	6.0
96067	1.0
96080	20.0
11243	91.93577981651376
11807	59.8
14998	95.82
27052	56.0
44120	4.0
45521	2.0
47213	2.0
50547	2.0
68985	30.0
73057	18.0
74129	16.0
74532	36.0
75259	5.0
83950	9.0
96051	1.0
13462	8.0
14	684.0
14488	57.82666666666667
15111	125.63636363636364
21	24.0128
21625	173.2
22131	272.0
25235	22.0
25276	56.51428571428571
27140	57.011933174224346
44144	6.0
45285	2.0
75650	33.0
82942	21.0
84330	7.0
85074	15.0
90392	3.0
10153	1.0
10226	1.0
10897	33.0
26251	38.25925925925926
43360	2.0
46589	3.0
47045	2.0
47455	2.0
72191	17.0
84521	11.0
84891	25.0
96104	69.0
124	0.292
14697	16.0
16253	47.166666666666664
35054	56.0
36182	424.0
43258	5.0
44281	1.0
44933	3.0
46546	2.0
46605	8.0
48330	3.0
51	4.0
7	2.0
74935	13.0
10134	2.0
15482	70.37037037037037
16991	117.0
23364	406.14
30758	24187.0
40329	4.0
46862	2.0
55102	2.0
56227	2.0
56242	2.0
71350	3.0
74656	11.0
84134	9.0
84488	32.0
90402	1.0
10648	36.84615384615385
14508	15.0
19101	578.0
20	0.5018
24555	123.33333333333333
26539	32.96666666666667
31975	112.0
43876	1.0
44655	2.0
54427	3.0
55328	2.0
71304	2.0
73229	12.0
73828	11.0
83882	17.0
85980	29.0
14684	31.5
15288	118.8
24902	53.23076923076923
27232	17.19
34731	47.0
40772	1.0
55704	2.0
71480	270.0
73788	12.0
76682	7.0
84157	25.0
85065	28.0
85260	13.0
10208	1.0
13413	82.0
17011	30.0
20153	384.46153846153845
21688	305.0
26554	88.91304347826087
26724	85.42857142857143
37930	1563.0
44099	2.0
46597	2.0
46628	1.0
54323	3.0
57147	2.0
75586	10.0
82269	6.0
85985	6.0
96114	17856.0
16166	80.0
21617	322.57142857142856
32650	7.0
39058	114.0
47452	2.0
52467	3.0
55797	2.0
82397	13.0
83047	16.0
83512	15.0
10332	70.0
14201	36.29577464788732
24480	56.0
27142	17.4
27224	61.2112676056338
31	4.0
43358	2.0
46473	2.0
47001	1.0
51605	2.0
73508	23.0
73776	7.0
73959	8.0
75509	19.0
10167	1.0
22713	442.0
24787	50.0
26210	56.986301369863014
26230	50.333333333333336
45447	4.0
47545	2.0
55192	2.0
56489	2.0
72463	56.0
72902	8.0
73255	9.0
82372	22.0
84985	27.0
10202	1.0
14493	42.111111111111114
14527	25.76923076923077
15370	50.61538461538461
15563	48.0
24352	53.9
28182	4.0
33505	14.0
45248	2.0
45976	2.0
48813	3.0
56483	2.0
56634	2.0
72698	22.0
75715	34.0
9214	1.0
14441	21.11111111111111
16544	119.8
26291	61.333333333333336
45302	3.0
51472	2.0
52668	2.0
56231	2.0
84302	8.0
84914	2.0
86	0.393
10151	1.0
10161	1.0
10895	90.0
14303	35.234042553191486
16260	43.5
17048	111.4
17677	65.625
20579	257.26666666666665
25808	25.0
51403	2.0
54300	2.0
84453	16.0
21828	447.0
56	1.0
68725	7.0
72049	1000.0
75646	9.0
78304	6.0
80628	9.0
10160	1.0
10843	68.33333333333333
13436	26.14814814814815
14440	43.0
15015	226.875
16995	42.2
25046	36.45
40846	2.0
52872	2.0
72088	17.0
75659	21.0
83	0.293
90405	10.0
109	0.317
11345	83.5
123	0.307
14689	8.692307692307692
15921	53.0
17747	39.0
32462	440.0
40352	3.0
42107	3.0
43340	9.0
44122	1.0
44529	13.0
47410	2.0
73179	14.0
75460	13.0
75584	4.0
10904	320.4078947368421
112	0.243
11500	35.0
13404	19.536585365853657
14419	63.92307692307692
22687	239.29787234042553
25754	38.666666666666664
42	4.0
44306	1.0
45562	1.0
52661	2.0
54548	1.0
55125	2.0
55848	2.0
71192	11.0
72436	9.0
74539	32.0
75403	6.0
83107	8.0
85031	14.0
85082	28.0
10195	1.0
10805	52.385390428211586
14639	40.0
25122	41.0
40984	2.0
44364	1.0
46614	2.0
57137	3.0
68355	18.0
72867	13.0
10145	1.0
10191	2.0
11113	58.4
16271	32.232142857142854
22692	982.2380952380952
25412	62.0
25919	23.475609756097562
26371	80.83333333333333
27324	39.02777777777778
45633	4.0
47111	2.0
49018	2.0
56979	3.0
59948	1.0
71908	13.0
71938	14.0
71945	5.0
72240	12.0
91641	29.0
10131	1.0
10769	41.774193548387096
14780	62.857142857142854
15157	271.06511627906974
26281	56.58474576271186
40368	2.0
43567	2.0
44903	2.0
45567	2.0
48826	2.0
54318	4.0
54646	2.0
56815	2.0
63499	1.0
67654	2.0
69382	20.0
71339	6.0
74165	7.0
83353	21.0
84867	10.0
14996	70.66666666666667
16090	38.0
16694	82.5072463768116
25997	48.142857142857146
41654	2.0
43885	2.0
44260	2.0
54595	2.0
56348	2.0
63	0.494
73301	7.0
82370	16.0
84182	13.0
96088	54.0
96097	6.0
10156	2.0
11107	133.0
13996	36.5
17038	40.0
41142	2.0
43348	2.0
43799	1.0
43871	2.0
45061	2.0
45730	2.0
46759	2.0
51805	2.0
56057	1.0
72402	12.0
73236	4.0
73403	12.0
74044	12.0
75234	11.0
83769	27.0
16638	75.68831168831169
16655	171.23529411764707
24315	59.973684210526315
43840	2.0
44125	3.0
45522	3.0
46	20.0
55189	2.0
55894	2.0
72354	6.0
73378	17.0
84460	11.0
92579	4.0
10201	1.0
10209	1.0
104	0.364
10405	22.62121212121212
14446	7.25
16667	182.32075471698113
28215	24.5
43425	2.0
45349	3.0
47481	2.0
52673	4.0
60	0.483
68	0.296
71279	15.0
72888	5.0
72995	16.0
81132	5.0
82367	24.0
90	0.0
96093	8.0
15303	104.21739130434783
25150	63.0
27465	3.4285714285714284
42032	2.0
50125	6.0
52465	2.0
55176	2.0
69491	18.0
74911	8.0
82830	12.0
84294	20.0
10207	1.0
13055	49.0
15344	10.0
17262	48.88669950738916
25421	30.357142857142858
27134	29.310344827586206
32476	86.0
40853	6.0
43407	2.0
44605	4.0
57113	6.0
68738	16.0
71229	9.0
74796	12.0
84573	34.0
96085	8.0
11153	29.0
11341	65.0
14160	24.5
14412	42.6
16014	39.2
27141	29.0
41059	2.0
45	285.0
54436	2.0
55394	2.0
55471	2.0
83731	15.0
10138	1.0
13006	33.095238095238095
33514	9.222222222222221
33811	20843.0
46747	2.0
56297	2.0
57302	1.0
74634	7.0
80555	14.0
83328	11.0
84849	12.0
85087	7.0
10136	2.0
10149	2.0
11018	331.33505154639175
13988	84.57142857142857
17063	55.0
19047	279.2307692307692
21900	497.5833333333333
24950	46.0
28146	14713.0
43973	3.0
44116	3.0
44312	1.0
44650	1.0
44651	2.0
52883	2.0
55744	2.0
55769	2.0
78038	6.0
80556	9.0
81170	11.0
83889	10.0
84264	10.0
10844	127.0
14769	37.666666666666664
15772	66.6
17165	47.0
25187	53.666666666666664
26212	70.28571428571429
45139	1.0
45546	4.0
45894	2.0
45977	2.0
47411	3.0
51601	2.0
52626	3.0
52654	2.0
58049	9.0
68933	18.0
72298	6.0
80582	9.0
83703	14.0
93	0.0
95	0.0
10234	60.0
13670	17.338709677419356
15187	155.7
16354	30.666666666666668
16894	30.50769230769231
24751	55.0
25154	40.4
42369	1.0
44065	2.0
45936	3.0
50571	2.0
54655	2.0
56594	3.0
57988	1.0
80554	10.0
101	0.128
10212	2.0
14317	63.560344827586206
15608	155.78947368421052
16437	77.0
25278	55.2
26074	58.0
26192	30.86111111111111
27047	20.25
34706	181.0
37940	6.0
43975	2.0
45254	2.0
46403	10.0
46722	2.0
47736	1.0
56357	3.0
72043	1.0
73992	8.0
96075	4.0
14755	51.88293897882939
15486	33.333333333333336
17700	42.53488372093023
25241	45.875
25327	64.65217391304348
31495	9933.0
82815	14.0
21659	157.53658536585365
24670	54.5
25482	15.0
36135	997.0
44935	2.0
45367	1.0
52679	2.0
68491	15.0
71332	7.0
73374	23.0
74180	13.0
75412	18.0
82482	10.0
14519	58.0
15986	38.0
22643	519.0
33517	0.06896551724137931
43890	1.0
45401	2.0
47036	2.0
47218	3.0
57093	1.0
68945	11.0
75063	10.0
79118	14.0
12776	286.66438356164383
15993	57.93333333333333
16834	49.666666666666664
23684	105.12
42601	2.0
56223	2.0
56980	1.0
68203	5.0
72930	14.0
74368	21.0
83210	8.0
84	0.301
10162	1.0
10231	1.0
15549	104.4
15674	331.14285714285717
16987	50.816
28112	8.0
44649	2.0
45523	2.0
55420	2.0
72336	4.0
73982	4.0
80542	8.0
96078	903.0
10738	39.0
19453	177.0
21448	680.3333333333334
38101	310.0
45612	2.0
46949	2.0
47657	3.0
49240	2.0
55266	2.0
55472	1.0
56278	2.0
58064	2.0
72420	7.0
73424	7.0
80947	9.0
83075	17.0
84749	22.0
16081	28.857142857142858
25267	48.5
25713	35.857142857142854
26494	48.44444444444444
28123	9.0
46230	2.0
46396	2.0
48333	3.0
71819	10.0
72659	7.0
84199	14.0
84240	10.0
10220	1.0
12184	36.666666666666664
24376	55.142857142857146
28192	0.125
34328	48.0
43	1.0
46829	1.0
47221	2.0
57236	4.0
57269	2.0
69327	21.0
71354	18.0
71999	19.0
73058	5.0
78958	6.0
82473	3.0
96068	13.0
96108	17.0
10223	1.0
118	0.309
12321	160.15
17101	29.686746987951807
17751	39.648148148148145
25205	37.64705882352941
30120	457.0
33519	13.0
45445	4.0
6	0.9896
72176	7.0
72195	10.0
74587	16.0
85973	1.0
85977	6.0
10232	1.0
43779	2.0
46953	2.0
64372	1.0
68678	43.0
73440	29.0
75001	15.0
82234	21.0
83339	16.0
85984	37.0
10193	1.0
122	0.407
15570	36.0
15653	160.25
24476	48.0
28198	3.6666666666666665
30195	3032.0
46598	5.0
51423	2.0
55839	1.0
68778	3.0
72469	2.0
75344	10.0
83884	11.0
84315	3.0
85027	13.0
96072	1491.0
96107	2.0
10416	31.823529411764707
12418	32.0
13274	42.0
14663	47.0
15532	23.36
17144	30.710526315789473
17495	43.98529411764706
27094	36.111111111111114
41924	4.0
42288	2.0
45880	1.0
51397	2.0
52608	2.0
55316	2.0
60800	4.0
72216	7.0
73200	20.0
96058	514.0
10158	1.0
10172	1.0
10800	57.45454545454545
17582	48.75
37947	14.0
44654	4.0
46957	2.0
47115	2.0
55988	2.0
80	0.34
83434	15.0
83564	9.0
84388	18.0
14150	9.666666666666666
15936	66.0
16545	186.88888888888889
24767	58.22222222222222
26234	66.0
28110	684.0
35994	651.0
39622	126.05
41258	2.0
54800	8.0
73119	14.0
75240	8.0
83048	17.0
130	0.2
13925	119.12
14696	32.794117647058826
20177	90.28571428571429
22668	659.125
24937	64.51612903225806
26599	109.2
33522	16.25
36479	527.375
37942	4.0
43878	1.0
44119	2.0
45587	2.0
47306	2.0
49292	2.0
53572	3.0
57145	3.0
62470	1.0
71686	5.0
71817	11.0
73527	11.0
80613	10.0
80621	13.0
83757	16.0
12230	53.0
13486	43.857142857142854
15399	211.31666666666666
17579	27.238095238095237
20574	262.54545454545456
33504	6.0
66198	1.0
71359	10.0
72332	6.0
72531	14.0
73381	13.0
81173	3.0
82640	24.0
96060	12.0
14952	115.46153846153847
15345	35.2
17351	28.5
18777	316.5
26334	67.0
26460	68.77777777777777
26865	42.333333333333336
42269	3.0
43814	2.0
44115	27.0
45266	3.0
55246	1.0
70222	6.0
73385	10.0
75596	12.0
83553	14.0
83827	9.0
13368	84.44444444444444
15001	201.9237037037037
17082	60.0
27139	76.28452751817238
44710	1.0
46503	4.0
55229	2.0
72672	9.0
74213	11.0
82988	10.0
13303	31.428571428571427
15038	93.0
15328	180.0
23012	518.28
24660	71.75
27063	33.3968253968254
27146	87.36363636363636
43392	1.0
43757	1.0
44109	1.0
44646	5.0
45077	1.0
54772	2.0
55255	1.0
56534	1.0
71264	10.0
71931	17.0
79151	5.0
79526	13.0
84165	20.0
85975	1.0
10964	38.0
111	0.162
14016	22.0
17514	23.55263157894737
19089	216.16216216216216
21628	263.45
33498	35.0
39481	203.0
40421	3.0
55174	2.0
55538	2.0
57153	2.0
71843	65.0
72313	31.0
72598	14.0
82670	24.0
85168	42.0
96054	449.0
10216	2.0
13336	42.49101796407186
14543	42.4
16058	22.40625
16739	118.0
24350	44.0
43997	3.0
44644	2.0
47114	3.0
49447	2.0
83345	19.0
96053	2.0
10182	1.0
12791	204.46666666666667
17675	34.64079207920792
26268	41.83870967741935
27221	18.5
33520	13.0
40999	2.0
41294	2.0
45126	2.0
45200	2.0
46716	2.0
57994	1.0
75048	26.0
10139	1.0
114	0.289
14945	11.583333333333334
33	6168.0
33495	18.0
71331	5.0
73379	16.0
74523	14.0
85079	21.0
10246	20.0
16321	32.2
16587	30.923076923076923
21326	100.0
26407	60.0
28108	30.666666666666668
44486	2.0
45245	2.0
47629	2.0
54335	2.0
56915	1.0
68756	10.0
69687	10.0
88249	8.0
10137	1.0
13469	52.72727272727273
15297	56.2
15978	39.95348837209303
24443	59.5
25169	64.02105263157895
26589	34.44198312236287
37944	7.0
43416	2.0
46504	2.0
47024	1.0
54561	2.0
66195	1.0
72869	9.0
91	0.0
94	0.0
12529	92.15
13442	33.666666666666664
13610	23.363636363636363
14157	7.142857142857143
15634	80.0
17506	30.5
17686	27.0
17714	42.55555555555556
28197	46.0
57051	2.0
72194	15.0
14693	39.0
15312	288.87
15884	54.07631578947368
16896	54.0
22957	116.0
24379	82.0
26744	48.0
45462	2.0
49073	2.0
51880	3.0
53013	2.0
72589	2.0
74588	16.0
85	0.228
96066	860.0
13881	39.107142857142854
15406	405.2916666666667
19651	274.0
22650	449.9047619047619
24516	76.45454545454545
24938	37.2970297029703
26025	25.0
43008	2.0
44420	2.0
45162	1.0
47440	3.0
51184	3.0
55006	2.0
56638	3.0
71352	1.0
72274	14.0
72966	10.0
73297	23.0
17345	58.0
41226	3.0
72422	8.0
72592	1.0
80579	14.0
82587	15.0
84676	12.0
90404	2.0
10181	2.0
10275	24.0
17177	49.0
17542	48.6
36	244.0
44959	3.0
55175	2.0
57098	2.0
65842	4.0
71824	10.0
72626	14.0
81492	8.0
83189	10.0
90397	2.0
96096	77.0
10148	1.0
11744	94.83333333333333
15883	68.0
22706	803.39
35858	1.25
36241	5223.0
40557	4.0
54472	2.0
55349	2.0
57237	1.0
69625	15.0
72246	5.0
75155	19.0
83159	28.0
83793	19.0
16204	40.9
24454	52.0
25189	57.75247524752475
26423	51.0
28107	269.0
41194	4.0
45185	2.0
45269	2.0
46016	2.0
51301	1.0
54502	2.0
73777	9.0
76264	10.0
96110	71947.0
13360	2.0
24827	47.0
25136	48.0
26653	48.53125
26818	40.78431372549019
34715	307.0
40595	2.0
44004	2.0
45854	3.0
46126	2.0
47720	2.0
51602	2.0
52463	6.0
54460	2.0
57276	1.0
57326	2.0
58	0.1304
78486	6.0
13912	21.0
15669	176.66666666666666
22488	306.25
25834	42.0
37939	58.0
44154	2.0
49072	3.0
54550	2.0
56200	2.0
72210	25.0
72585	7.0
80560	9.0
10132	1.0
10227	1.0
14588	70.8
17061	66.0
17073	94.0
17684	28.0
25430	61.5
28181	5.666666666666667
28195	20.650485436893202
30934	8.0
50552	2.0
51779	2.0
54364	2.0
56639	3.0
73384	15.0
74407	5.0
79713	6.0
83108	17.0
96056	13.0
96105	4.0
13346	37.57142857142857
15615	178.0
16887	50.625
17394	51.11764705882353
27262	27.5
47470	2.0
54889	3.0
56265	3.0
68964	19.0
72416	5.0
72980	20.0
100	0.486
14977	112.35714285714286
22537	192.0
22690	738.9689119170985
24661	46.0
26524	24.0
44968	2.0
46849	1.0
50150	2.0
51424	2.0
55522	2.0
55836	1.0
57150	3.0
70745	8.0
89942	3.0
96069	27.0
25593	32.53846153846154
33510	10.666666666666666
36982	380.0
43695	2.0
72059	4.0
72587	3.0
73000	25.0
82436	14.0
14733	51.57333333333333
15010	55.333333333333336
15407	610.9090909090909
15977	69.0
23543	489.92857142857144
24518	75.0
27	2.0
28167	15.0
56635	5.0
61	0.0
74650	10.0
75645	3.0
76803	7.0
84301	11.0
13793	12.0
22	18.51
27099	39.72727272727273
28	0.0
36152	4088.0
43357	21.0
43883	2.0
44622	2.0
44664	3.0
46811	2.0
54531	2.0
56209	2.0
60315	7.0
75285	17.0
10142	1.0
15424	73.125
16867	43.0
17254	49.083333333333336
20597	264.0
26384	20.0
47	2.0
54322	2.0
58043	1.0
65554	2.0
72375	10.0
79357	11.0
80604	9.0
83782	10.0
99	0.423
10797	287.75
126	0.339
14256	126.0
15888	53.08097165991903
16670	38.8
17	536.0
17086	43.63636363636363
17807	51.0
42811	2.0
43265	2.0
49425	2.0
55322	1.0
55402	2.0
68780	3.0
71293	5.0
74098	11.0
10135	2.0
11610	143.0
13981	52.618947368421054
14751	22.76923076923077
15410	51.55555555555556
15443	136.0
21043	123.5
21438	670.0
49162	2.0
51878	3.0
54439	2.0
55584	3.0
57141	2.0
84528	30.0
94132	1.0
11496	51.75
11803	51.0
15896	35.0
23214	744.8333333333334
24566	68.375
25173	53.1
27292	29.25
44112	3.0
45189	2.0
51024	2.0
71249	1.0
71748	27.0
73060	10.0
73910	11.0
80563	7.0
10609	67.5
11708	140.0
11978	237.29556650246306
13375	23.714285714285715
13589	124.71899587860622
14159	11.0
15353	349.2916666666667
22647	679.4615384615385
26362	51.333333333333336
29085	480.0
44488	2.0
46973	2.0
47351	2.0
54463	2.0
64	0.0
70825	8.0
84795	29.0
17710	70.4
22627	376.0
26559	36.0
27138	53.0
27288	77.0
28116	18.41860465116279
34770	3.0
43752	2.0
45528	2.0
46039	2.0
46278	6.0
54872	2.0
62008	1.0
72417	14.0
10154	1.0
14188	27.836633663366335
15346	72.0
15434	80.07142857142857
22714	530.0
26901	39.611111111111114
26980	5.6
34596	165.0
36764	64.0
37153	302.0
43295	2.0
45301	1.0
46948	1.0
47547	2.0
47802	1.0
48869	2.0
68620	9.0
75610	9.0
77516	4.0
82465	21.0
96074	19747.0
96079	1.0
10228	1.0
15	7.0
24035	595.0
44376	3.0
44738	2.0
45032	2.0
45036	2.0
45972	1.0
51877	4.0
54	0.0
54539	2.0
55135	3.0
55287	2.0
56396	1.0
58046	3.0
75394	32.0
77860	7.0
16	41.0
22638	369.8333333333333
35	6055.0
35401	77.0
45356	3.0
45440	2.0
45951	3.0
48927	2.0
52	796.0
54752	2.0
56188	2.0
56244	3.0
68184	14.0
68686	15.0
72907	10.0
82399	6.0
82990	12.0
83985	10.0
85067	17.0
10146	2.0
11180	81.0909090909091
24915	25.0
25203	38.583333333333336
25759	42.0
43546	7.0
45392	2.0
45846	2.0
47575	3.0
57026	3.0
62463	2.0
72576	9.0
79812	10.0
84913	9.0
93292	24.0
96082	296.0
10140	1.0
14152	67.0
14511	41.888888888888886
14569	131.625
15587	337.0
26247	44.49790794979079
40744	6.0
43323	3.0
44657	1.0
47354	1.0
52606	3.0
55156	2.0
73290	16.0
85081	11.0
92	0.0
10170	1.0
13362	8.5
14195	37.416666666666664
17485	44.97260273972603
17580	43.75
28177	4.0
30295	279.7857142857143
36366	644.0833333333334
44111	3.0
44597	2.0
47643	2.0
55882	2.0
72583	7.0
14355	32.5
16067	55.0
18365	727.0
29067	53.705882352941174
33261	18.0
43758	1.0
44262	2.0
44276	6.0
52645	2.0
54025	2.0
54500	2.0
55369	2.0
57294	2.0
65	0.0
71806	3.0
72054	8.0
73007	4.0
73563	20.0
75578	65.0
82373	13.0
84519	10.0
96077	3.0
15309	240.0
23252	354.2529411764706
25501	26.7
40250	2.0
44379	6.0
45920	5.0
51665	2.0
53558	2.0
54658	9.0
72310	14.0
73447	3.0
74541	24.0
77558	8.0
82858	14.0
83063	18.0
83071	20.0
83773	10.0
96109	26.0
11100	247.0
14687	4.758064516129032
19078	346.9142857142857
24333	46.37777777777778
24455	41.5
44397	2.0
47725	2.0
55160	2.0
55500	1.0
69686	11.0
71341	6.0
73742	9.0
75293	28.0
80569	8.0
84996	19.0
85974	2.0
10164	1.0
10194	2.0
15118	96.25
39157	867.0
44956	2.0
46279	1.0
50126	2.0
55190	2.0
55274	2.0
71907	13.0
78060	8.0
83124	18.0
85169	23.0
13340	27.384615384615383
14348	54.375
16203	45.2
39146	657.0
45070	2.0
45074	2.0
46281	2.0
54924	1.0
55054	4.0
56861	2.0
72893	25.0
73427	12.0
73456	28.0
74154	3.0
82398	5.0
83250	15.0
85961	2.0
12086	79.66666666666667
14975	36.333333333333336
15885	50.5
18842	852.4109589041096
26385	9.7
36195	201.5
36246	484.7142857142857
54549	2.0
58034	5.0
65358	8.0
68358	10.0
74334	22.0
77	0.0
83109	9.0
89	0.0
10477	36.75
11309	52.733333333333334
14522	22.0
15493	85.23076923076923
27297	77.0
40747	2.0
40968	5.0
44896	2.0
45593	2.0
49426	2.0
49824	2.0
54433	2.0
72648	29.0
73004	12.0
74235	20.0
74483	12.0
10173	1.0
13561	34.76470588235294
16150	41.0
17691	47.675
21242	358.75
22656	458.0
23074	258.0
43947	4.0
55137	2.0
71691	2.0
72539	19.0
74212	48.0
80399	14.0
93776	23.0
96100	30.0
10175	1.0
13461	6.5
14699	10.0
14761	34.46666666666667
15338	31.0
22631	532.0
26833	34.93023255813954
33512	3.0
40804	2.0
43291	2.0
44474	5.0
53344	2.0
68213	9.0
73854	63.0
76267	9.0
76952	9.0
81	0.453
82706	10.0
83425	8.0
10141	1.0
10159	1.0
15464	141.0891089108911
16761	51.5
18855	462.0
24	0.4856
24482	64.0
31233	833.0
49612	2.0
69370	20.0
72404	5.0
75245	11.0
79975	5.0
84141	17.0
9	0.0
10198	1.0
11073	154.5
16454	34.0
39	1.0
46301	2.0
53308	2.0
85923	141.0
10789	46.5
13798	6.0
17084	32.825
17340	40.0
22172	133.5
27743	14606.0
46246	2.0
53057	4.0
72254	11.0
74934	18.0
74958	12.0
76862	5.0
83816	6.0
84172	9.0
15107	115.08333333333333
26643	32.36363636363637
37555	312.85093167701865
37945	8.0
40791	2.0
44399	1.0
47108	3.0
47359	3.0
52653	2.0
55141	2.0
55464	2.0
56068	1.0
69160	15.0
70203	15.0
73731	12.0
78630	8.0
85912	3.0
11176	170.66666666666666
14686	11.5
15487	271.0
16341	33.583333333333336
25142	38.0
26	11.84
41448	2.0
44502	2.0
55056	2.0
71275	4.0
73283	14.0
73562	14.0
10155	1.0
11445	172.0222222222222
121	0.305
13855	42.0
16080	50.0
16791	98.0
17334	53.78947368421053
40279	2.0
44448	2.0
53218	2.0
68999	9.0
73878	10.0
79406	6.0
10186	2.0
14161	12.727272727272727
16286	48.96296296296296
45295	1.0
46231	2.0
47544	1.0
52617	2.0
74687	7.0
