6	0
8	1
9	2
15	3
17	4
20	5
21	6
22	7
23	8
24	9
25	10
26	11
27	12
28	13
29	14
30	15
31	16
32	17
33	18
34	19
35	20
37	21
38	22
46	23
47	24
56	25
60	26
61	27
62	28
63	29
64	30
65	31
66	32
67	33
68	34
70	35
71	36
75	37
76	38
77	39
78	40
84	41
85	42
86	43
88	44
90	45
91	46
92	47
94	48
96	49
97	50
99	51
100	52
101	53
102	54
103	55
104	56
106	57
113	58
117	59
118	60
120	61
121	62
122	63
123	64
125	65
130	66
173	67
190	68
281	69
286	70
498	71
673	72
678	73
692	74
966	75
1547	76
1557	77
1612	78
2067	79
2121	80
2123	81
2140	82
2418	83
2423	84
2460	85
2574	86
2825	87
2929	88
3176	89
3283	90
3556	91
3557	92
4102	93
4396	94
5567	95
5778	96
5791	97
5859	98
6507	99
6711	100
6815	101
7618	102
7782	103
8329	104
8670	105
9214	106
9373	107
9382	108
9503	109
10132	110
10134	111
10135	112
10136	113
10138	114
10139	115
10140	116
10143	117
10147	118
10148	119
10149	120
10150	121
10151	122
10154	123
10156	124
10157	125
10158	126
10159	127
10161	128
10162	129
10163	130
10164	131
10166	132
10168	133
10169	134
10171	135
10174	136
10175	137
10177	138
10180	139
10182	140
10183	141
10184	142
10185	143
10186	144
10188	145
10189	146
10190	147
10192	148
10193	149
10194	150
10195	151
10197	152
10198	153
10200	154
10202	155
10203	156
10204	157
10205	158
10206	159
10207	160
10210	161
10211	162
10212	163
10213	164
10214	165
10215	166
10216	167
10217	168
10218	169
10219	170
10220	171
10222	172
10224	173
10225	174
10227	175
10228	176
10231	177
10233	178
10405	179
10413	180
10769	181
10837	182
10856	183
10895	184
10897	185
10904	186
10939	187
10963	188
11034	189
11080	190
11100	191
11113	192
11127	193
11153	194
11337	195
11341	196
11488	197
11807	198
12321	199
12838	200
12992	201
13278	202
13340	203
13375	204
13385	205
13394	206
13401	207
13402	208
13403	209
13404	210
13406	211
13436	212
13437	213
13449	214
13454	215
13460	216
13461	217
13462	218
13464	219
13467	220
13469	221
13482	222
13547	223
13561	224
13563	225
13570	226
13626	227
13670	228
13798	229
13799	230
13809	231
13881	232
13912	233
13988	234
13999	235
14015	236
14016	237
14097	238
14135	239
14150	240
14152	241
14153	242
14156	243
14157	244
14159	245
14160	246
14161	247
14163	248
14166	249
14195	250
14273	251
14282	252
14298	253
14301	254
14302	255
14348	256
14379	257
14407	258
14437	259
14441	260
14445	261
14446	262
14488	263
14508	264
14514	265
14522	266
14523	267
14524	268
14525	269
14527	270
14529	271
14570	272
14608	273
14648	274
14686	275
14687	276
14688	277
14695	278
14699	279
14700	280
14707	281
14762	282
14769	283
14780	284
14788	285
14795	286
14801	287
14806	288
14977	289
15001	290
15038	291
15061	292
15074	293
15103	294
15113	295
15168	296
15181	297
15230	298
15233	299
15241	300
15244	301
15303	302
15304	303
15312	304
15314	305
15325	306
15330	307
15338	308
15344	309
15345	310
15346	311
15370	312
15406	313
15410	314
15424	315
15434	316
15464	317
15482	318
15487	319
15489	320
15492	321
15511	322
15531	323
15538	324
15549	325
15564	326
15587	327
15650	328
15674	329
15839	330
15880	331
15885	332
15888	333
15896	334
15936	335
15962	336
15985	337
16018	338
16090	339
16286	340
16321	341
16441	342
16475	343
16514	344
16544	345
16597	346
16639	347
16646	348
16648	349
16695	350
16755	351
16783	352
16791	353
16849	354
16986	355
16991	356
17015	357
17037	358
17039	359
17048	360
17063	361
17073	362
17101	363
17104	364
17211	365
17254	366
17276	367
17288	368
17302	369
17345	370
17351	371
17386	372
17445	373
17475	374
17506	375
17579	376
17580	377
17582	378
17624	379
17678	380
17684	381
17747	382
17835	383
18365	384
19101	385
19147	386
19184	387
19601	388
19666	389
19694	390
19834	391
20152	392
20327	393
20398	394
21043	395
21443	396
21603	397
21617	398
21628	399
21659	400
21791	401
21802	402
21899	403
21900	404
21901	405
21902	406
22283	407
22378	408
22627	409
22641	410
22642	411
22643	412
22651	413
22692	414
22890	415
23074	416
23164	417
23234	418
23252	419
23364	420
23587	421
23862	422
23918	423
24054	424
24157	425
24316	426
24338	427
24379	428
24390	429
24397	430
24418	431
24424	432
24433	433
24449	434
24454	435
24479	436
24516	437
24517	438
24518	439
24547	440
24566	441
24576	442
24653	443
24670	444
24673	445
24721	446
24726	447
24792	448
24793	449
24814	450
24863	451
24894	452
24909	453
24915	454
24937	455
24987	456
25022	457
25046	458
25053	459
25095	460
25097	461
25116	462
25128	463
25136	464
25150	465
25154	466
25169	467
25187	468
25202	469
25203	470
25205	471
25206	472
25207	473
25208	474
25215	475
25225	476
25266	477
25278	478
25288	479
25299	480
25310	481
25327	482
25333	483
25401	484
25410	485
25412	486
25415	487
25425	488
25429	489
25430	490
25474	491
25476	492
25481	493
25532	494
25587	495
25628	496
25639	497
25705	498
25780	499
25808	500
25846	501
25859	502
25904	503
25957	504
26095	505
26155	506
26212	507
26230	508
26241	509
26245	510
26246	511
26247	512
26268	513
26281	514
26310	515
26351	516
26359	517
26362	518
26384	519
26385	520
26407	521
26423	522
26489	523
26671	524
26692	525
26724	526
26815	527
26818	528
26823	529
26833	530
26843	531
26918	532
26936	533
26980	534
26981	535
27052	536
27063	537
27099	538
27100	539
27138	540
27139	541
27140	542
27141	543
27145	544
27146	545
27149	546
27213	547
27232	548
27234	549
27262	550
27267	551
27276	552
27280	553
27287	554
27292	555
27324	556
27434	557
27435	558
27465	559
27486	560
27487	561
27743	562
27983	563
28100	564
28107	565
28108	566
28110	567
28112	568
28116	569
28122	570
28123	571
28126	572
28143	573
28146	574
28174	575
28177	576
28182	577
28184	578
28192	579
28195	580
28197	581
28198	582
28205	583
28215	584
28221	585
28583	586
28840	587
29067	588
29099	589
29100	590
29363	591
29648	592
30120	593
30195	594
30502	595
30511	596
30558	597
30798	598
30938	599
31209	600
31233	601
31975	602
32106	603
32650	604
32678	605
32757	606
32893	607
32894	608
33321	609
33473	610
33489	611
33490	612
33492	613
33495	614
33496	615
33498	616
33499	617
33502	618
33505	619
33509	620
33514	621
33515	622
33518	623
33519	624
33520	625
33521	626
33629	627
33630	628
33708	629
33895	630
34037	631
34475	632
34478	633
34479	634
34480	635
34507	636
34650	637
34715	638
34728	639
34744	640
34770	641
35086	642
35713	643
35738	644
35814	645
35858	646
35863	647
36104	648
36152	649
36241	650
36310	651
36479	652
36543	653
36762	654
36764	655
37029	656
37334	657
37369	658
37937	659
37942	660
37944	661
37945	662
37947	663
37949	664
37981	665
37982	666
37983	667
37985	668
38283	669
38626	670
38798	671
39101	672
39205	673
39976	674
40222	675
40421	676
40736	677
40766	678
40799	679
40988	680
41011	681
41039	682
41083	683
41436	684
41553	685
43231	686
43291	687
43295	688
43315	689
43330	690
43340	691
43341	692
43350	693
43357	694
43358	695
43359	696
43360	697
43405	698
43407	699
43416	700
43417	701
43420	702
43423	703
43517	704
43519	705
43583	706
43627	707
43757	708
43758	709
43871	710
43909	711
43974	712
43975	713
44109	714
44111	715
44112	716
44115	717
44118	718
44119	719
44120	720
44125	721
44233	722
44242	723
44257	724
44260	725
44261	726
44323	727
44369	728
44394	729
44402	730
44403	731
44405	732
44441	733
44448	734
44468	735
44470	736
44474	737
44479	738
44482	739
44483	740
44486	741
44488	742
44529	743
44562	744
44597	745
44644	746
44645	747
44646	748
44653	749
44655	750
44658	751
44738	752
44959	753
45019	754
45099	755
45115	756
45139	757
45185	758
45260	759
45269	760
45282	761
45302	762
45303	763
45363	764
45382	765
45401	766
45440	767
45445	768
45447	769
45450	770
45506	771
45522	772
45546	773
45593	774
45633	775
45843	776
45846	777
45920	778
45935	779
46031	780
46048	781
46061	782
46126	783
46281	784
46537	785
46546	786
46605	787
46607	788
46654	789
46722	790
46745	791
46747	792
46753	793
46829	794
46948	795
46953	796
46977	797
47067	798
47115	799
47141	800
47213	801
47221	802
47240	803
47325	804
47374	805
47440	806
47544	807
47547	808
47590	809
47644	810
47652	811
47712	812
47716	813
47775	814
47797	815
47802	816
48330	817
48923	818
49018	819
49073	820
49604	821
49639	822
50125	823
50814	824
51594	825
51779	826
51878	827
51879	828
52533	829
52606	830
52620	831
52622	832
52638	833
52661	834
52694	835
52872	836
53136	837
53218	838
53465	839
53916	840
53974	841
54300	842
54312	843
54323	844
54364	845
54380	846
54424	847
54439	848
54502	849
54531	850
54549	851
54653	852
54658	853
54671	854
54800	855
54881	856
54896	857
54923	858
54936	859
54957	860
55008	861
55085	862
55102	863
55140	864
55156	865
55190	866
55229	867
55254	868
55264	869
55266	870
55287	871
55420	872
55466	873
55471	874
55500	875
55571	876
55835	877
55882	878
55894	879
55948	880
56227	881
56242	882
56296	883
56357	884
56381	885
56382	886
56635	887
56663	888
56689	889
56722	890
56839	891
56959	892
56978	893
56979	894
57062	895
57097	896
57138	897
57139	898
57146	899
57228	900
57236	901
57269	902
57289	903
57429	904
57430	905
57459	906
57478	907
57479	908
57988	909
57989	910
58007	911
58034	912
58037	913
58041	914
58049	915
58050	916
58051	917
58064	918
58067	919
59948	920
60000	921
60315	922
60704	923
61294	924
62458	925
62459	926
62466	927
62470	928
62471	929
62560	930
63252	931
64372	932
66795	933
68082	934
68312	935
68670	936
68719	937
68787	938
68888	939
68918	940
68958	941
68985	942
68993	943
69224	944
69234	945
69327	946
70203	947
70461	948
70643	949
70893	950
71249	951
71251	952
71264	953
71274	954
71275	955
71284	956
71291	957
71292	958
71293	959
71294	960
71339	961
71341	962
71357	963
71361	964
71372	965
71451	966
71480	967
71495	968
71507	969
71517	970
71547	971
71561	972
71691	973
71733	974
71805	975
71881	976
71907	977
71931	978
72027	979
72043	980
72045	981
72046	982
72049	983
72050	984
72053	985
72054	986
72059	987
72093	988
72094	989
72176	990
72191	991
72194	992
72240	993
72303	994
72328	995
72332	996
72336	997
72354	998
72368	999
72382	1000
72402	1001
72408	1002
72413	1003
72417	1004
72418	1005
72420	1006
72422	1007
72463	1008
72500	1009
72578	1010
72579	1011
72580	1012
72585	1013
72587	1014
72588	1015
72592	1016
72599	1017
72626	1018
72655	1019
72659	1020
72675	1021
72687	1022
72869	1023
72893	1024
72953	1025
72966	1026
72995	1027
73049	1028
73123	1029
73194	1030
73195	1031
73203	1032
73236	1033
73237	1034
73261	1035
73283	1036
73297	1037
73316	1038
73326	1039
73335	1040
73374	1041
73379	1042
73381	1043
73403	1044
73424	1045
73440	1046
73447	1047
73456	1048
73480	1049
73543	1050
73563	1051
73777	1052
73788	1053
73854	1054
73865	1055
73869	1056
73877	1057
73885	1058
73950	1059
73965	1060
73982	1061
74060	1062
74098	1063
74213	1064
74215	1065
74330	1066
74483	1067
74529	1068
74532	1069
74539	1070
74541	1071
74588	1072
74650	1073
74656	1074
74659	1075
74679	1076
74687	1077
74753	1078
74763	1079
74796	1080
74882	1081
74887	1082
74891	1083
74907	1084
74911	1085
74960	1086
74970	1087
74998	1088
75045	1089
75049	1090
75075	1091
75155	1092
75285	1093
75293	1094
75344	1095
75374	1096
75481	1097
75524	1098
75563	1099
75573	1100
75578	1101
75591	1102
75646	1103
75731	1104
76264	1105
76422	1106
77007	1107
77041	1108
77174	1109
77241	1110
77359	1111
77558	1112
77573	1113
77826	1114
78068	1115
79030	1116
79103	1117
79372	1118
79406	1119
79528	1120
79530	1121
79536	1122
79713	1123
79714	1124
79738	1125
79756	1126
79811	1127
79812	1128
79814	1129
80542	1130
80543	1131
80544	1132
80554	1133
80555	1134
80556	1135
80564	1136
80569	1137
80572	1138
80587	1139
80588	1140
80607	1141
80621	1142
80806	1143
81070	1144
81170	1145
81282	1146
82257	1147
82271	1148
82298	1149
82308	1150
82314	1151
82336	1152
82342	1153
82358	1154
82370	1155
82373	1156
82397	1157
82436	1158
82465	1159
82482	1160
82484	1161
82490	1162
82529	1163
82572	1164
82589	1165
82592	1166
82645	1167
82721	1168
82815	1169
82830	1170
82857	1171
82858	1172
82942	1173
82966	1174
83017	1175
83036	1176
83057	1177
83071	1178
83090	1179
83124	1180
83126	1181
83188	1182
83200	1183
83221	1184
83230	1185
83313	1186
83336	1187
83339	1188
83349	1189
83385	1190
83398	1191
83400	1192
83405	1193
83456	1194
83470	1195
83472	1196
83512	1197
83567	1198
83606	1199
83682	1200
83684	1201
83702	1202
83703	1203
83769	1204
83782	1205
83816	1206
83882	1207
83922	1208
84023	1209
84141	1210
84177	1211
84180	1212
84230	1213
84291	1214
84315	1215
84316	1216
84336	1217
84417	1218
84519	1219
84520	1220
84569	1221
84654	1222
84655	1223
84656	1224
84756	1225
84763	1226
84773	1227
84795	1228
84891	1229
84912	1230
84913	1231
84914	1232
84996	1233
85031	1234
85071	1235
85072	1236
85073	1237
85082	1238
85084	1239
85165	1240
85171	1241
85203	1242
85223	1243
85228	1244
85364	1245
85393	1246
85412	1247
85912	1248
85922	1249
85923	1250
85941	1251
85968	1252
85971	1253
85975	1254
85977	1255
85983	1256
85984	1257
85985	1258
85998	1259
86953	1260
87882	1261
88140	1262
88249	1263
89228	1264
89633	1265
90389	1266
90393	1267
90400	1268
90405	1269
91183	1270
91187	1271
91467	1272
91833	1273
91943	1274
92306	1275
92570	1276
92880	1277
93292	1278
95629	1279
95701	1280
96016	1281
96020	1282
96049	1283
96050	1284
96052	1285
96053	1286
96054	1287
96056	1288
96057	1289
96058	1290
96059	1291
96060	1292
96061	1293
96062	1294
96063	1295
96064	1296
96065	1297
96066	1298
96068	1299
96069	1300
96070	1301
96071	1302
96072	1303
96073	1304
96074	1305
96075	1306
96076	1307
96077	1308
96078	1309
96079	1310
96080	1311
96081	1312
96082	1313
96083	1314
96084	1315
96085	1316
96086	1317
96087	1318
96088	1319
96089	1320
96090	1321
96091	1322
96092	1323
96093	1324
96094	1325
96095	1326
96096	1327
96097	1328
96098	1329
96099	1330
96100	1331
96101	1332
96102	1333
96103	1334
96104	1335
96105	1336
96106	1337
96107	1338
96108	1339
96109	1340
96110	1341
96111	1342
96112	1343
96114	1344
96115	1345
96116	1346
